  2.8835630e+001  5.5030000e+003
  2.9033167e+001  5.2390000e+003
  2.9728629e+001  4.0700000e+003
  2.9831463e+001  3.8780000e+003
  3.0061189e+001  3.7720000e+003
  3.0334163e+001  3.6700000e+003
  3.0431030e+001  3.3990000e+003
  3.0481472e+001  3.3710000e+003
  3.0655773e+001  3.2690000e+003
  3.0790245e+001  3.1810000e+003
  3.1113270e+001  3.0560000e+003
  3.1257749e+001  3.0480000e+003
  3.1309043e+001  3.0450000e+003
  3.1455366e+001  2.8300000e+003
  3.1721818e+001  2.7380000e+003
  3.1805778e+001  2.7370000e+003
  3.2021461e+001  2.4130000e+003
  3.2919689e+001  2.2950000e+003
  3.4160432e+001  2.2930000e+003
  3.4687217e+001  2.2830000e+003
  3.5764626e+001  2.2820000e+003
