  2.8742297e+001  5.4470000e+003
  2.9046967e+001  4.9630000e+003
  3.0054960e+001  3.9160000e+003
  3.0300487e+001  3.8560000e+003
  3.0376544e+001  3.8520000e+003
  3.0423059e+001  3.7230000e+003
  3.0448054e+001  3.7040000e+003
  3.0468830e+001  3.6070000e+003
  3.0514705e+001  3.5730000e+003
  3.0607785e+001  3.5050000e+003
  3.0727864e+001  3.5010000e+003
  3.0754875e+001  3.3530000e+003
  3.0831884e+001  3.3190000e+003
  3.0987353e+001  2.9890000e+003
  3.1319041e+001  2.9230000e+003
  3.1701650e+001  2.8080000e+003
  3.1827765e+001  2.7300000e+003
  3.2981798e+001  2.2930000e+003
  3.3948582e+001  2.2740000e+003
