  2.8645931e+001  5.6320000e+003
  2.8796617e+001  5.5460000e+003
  2.9261759e+001  4.6560000e+003
  3.0003533e+001  3.8690000e+003
  3.0058993e+001  3.7310000e+003
  3.0105487e+001  3.7170000e+003
  3.0272091e+001  3.5010000e+003
  3.0428113e+001  3.2480000e+003
  3.0868291e+001  3.1970000e+003
  3.0997976e+001  3.1010000e+003
  3.1136108e+001  3.0850000e+003
  3.1208278e+001  2.9330000e+003
  3.1337061e+001  2.8980000e+003
  3.1521929e+001  2.8200000e+003
  3.1673388e+001  2.6190000e+003
  3.1899449e+001  2.5420000e+003
  3.2089245e+001  2.3990000e+003
  3.2978956e+001  2.2930000e+003
  3.3329506e+001  2.2890000e+003
  3.3600637e+001  2.2730000e+003
  3.4466862e+001  2.2620000e+003
  3.4545830e+001  2.2530000e+003
