  2.8751092e+001  5.4680000e+003
  2.9008482e+001  5.4430000e+003
  2.9078118e+001  5.2060000e+003
  2.9434301e+001  4.3990000e+003
  2.9989911e+001  3.9670000e+003
  3.0249890e+001  3.6120000e+003
  3.0474220e+001  3.4440000e+003
  3.0639409e+001  3.4310000e+003
  3.0756550e+001  3.3770000e+003
  3.0796442e+001  3.3730000e+003
  3.0865272e+001  3.3070000e+003
  3.0866303e+001  3.3060000e+003
  3.0925019e+001  3.2590000e+003
  3.0977510e+001  3.1660000e+003
  3.0990697e+001  3.1070000e+003
  3.1107207e+001  3.0900000e+003
  3.1122437e+001  2.9020000e+003
  3.1488139e+001  2.8970000e+003
  3.1540382e+001  2.8080000e+003
  3.1967611e+001  2.3290000e+003
  3.2829382e+001  2.3080000e+003
  3.4159450e+001  2.2750000e+003
