  2.8857532e+001  5.5350000e+003
  2.9008168e+001  5.4650000e+003
  2.9020539e+001  5.4220000e+003
  2.9226832e+001  5.0750000e+003
  2.9335844e+001  5.0170000e+003
  2.9762429e+001  3.9910000e+003
  3.0232367e+001  3.8760000e+003
  3.0349477e+001  3.6010000e+003
  3.0495549e+001  3.5300000e+003
  3.0534609e+001  3.5240000e+003
  3.0565614e+001  3.5100000e+003
  3.0595703e+001  3.5040000e+003
  3.0637915e+001  3.4800000e+003
  3.0720918e+001  3.2510000e+003
  3.0789932e+001  3.1170000e+003
  3.1168789e+001  2.8870000e+003
  3.1684377e+001  2.8850000e+003
  3.1713769e+001  2.7620000e+003
  3.2005695e+001  2.5990000e+003
  3.2561845e+001  2.3480000e+003
  3.3150814e+001  2.3170000e+003
  3.3176969e+001  2.3090000e+003
  3.3863364e+001  2.2880000e+003
  3.4505388e+001  2.2790000e+003
  3.6513971e+001  2.2760000e+003
  3.7849902e+001  2.2710000e+003
