  2.8792873e+001  5.6500000e+003
  2.8902983e+001  5.5460000e+003
  2.8933522e+001  5.5050000e+003
  2.9141767e+001  5.1600000e+003
  2.9629928e+001  4.2490000e+003
  2.9938906e+001  3.9250000e+003
  3.0169187e+001  3.8550000e+003
  3.0270715e+001  3.6350000e+003
  3.0301500e+001  3.6060000e+003
  3.0488508e+001  3.5090000e+003
  3.0645733e+001  3.3690000e+003
  3.0710114e+001  3.3380000e+003
  3.0739768e+001  3.2370000e+003
  3.0848999e+001  3.1460000e+003
  3.1122333e+001  3.1380000e+003
  3.1155057e+001  3.0360000e+003
  3.1277380e+001  3.0100000e+003
  3.1366346e+001  2.9620000e+003
  3.1447008e+001  2.9480000e+003
  3.2510192e+001  2.2810000e+003
  3.3693453e+001  2.2640000e+003
  3.3831962e+001  2.2620000e+003
