  2.8692799e+001  5.5640000e+003
  2.8882896e+001  5.4660000e+003
  2.9160218e+001  5.2430000e+003
  2.9184078e+001  5.1750000e+003
  2.9369232e+001  4.6280000e+003
  3.0044483e+001  3.7350000e+003
  3.0163927e+001  3.6910000e+003
  3.0325578e+001  3.5380000e+003
  3.0414388e+001  3.4910000e+003
  3.0468248e+001  3.2660000e+003
  3.0763479e+001  3.1660000e+003
  3.0970794e+001  3.0850000e+003
  3.1094837e+001  3.0370000e+003
  3.1146540e+001  3.0190000e+003
  3.1246430e+001  2.9510000e+003
  3.1371586e+001  2.9490000e+003
  3.1493777e+001  2.9360000e+003
  3.1579288e+001  2.7110000e+003
  3.3638580e+001  2.2850000e+003
  3.4339658e+001  2.2670000e+003
