  2.8808558e+001  5.6630000e+003
  2.8864871e+001  5.5490000e+003
  2.8917445e+001  5.0950000e+003
  2.9205563e+001  5.0290000e+003
  2.9797428e+001  4.0980000e+003
  3.0194967e+001  3.9230000e+003
  3.0281633e+001  3.9140000e+003
  3.0291442e+001  3.8920000e+003
  3.0293923e+001  3.8340000e+003
  3.0328526e+001  3.8180000e+003
  3.0331605e+001  3.8060000e+003
  3.0448132e+001  3.7600000e+003
  3.0467660e+001  3.7450000e+003
  3.0494550e+001  3.7110000e+003
  3.0515547e+001  3.5530000e+003
  3.0590841e+001  3.4000000e+003
  3.0609443e+001  3.1580000e+003
  3.1153256e+001  3.1490000e+003
  3.1212240e+001  3.1460000e+003
  3.1240946e+001  3.1130000e+003
  3.1381386e+001  2.9900000e+003
  3.1457598e+001  2.8880000e+003
  3.1864052e+001  2.7880000e+003
  3.2070028e+001  2.4460000e+003
  3.2803040e+001  2.3310000e+003
  3.3718099e+001  2.2970000e+003
  3.5029586e+001  2.2830000e+003
