  2.8798447e+001  5.6190000e+003
  2.8819730e+001  5.5720000e+003
  2.8962312e+001  5.5130000e+003
  2.8978636e+001  5.4300000e+003
  2.9197496e+001  4.9440000e+003
  3.0066670e+001  3.9920000e+003
  3.0166474e+001  3.8840000e+003
  3.0176730e+001  3.8670000e+003
  3.0242138e+001  3.6050000e+003
  3.0387106e+001  3.5440000e+003
  3.0429879e+001  3.4570000e+003
  3.0630560e+001  3.3980000e+003
  3.0747559e+001  3.2700000e+003
  3.0838567e+001  3.2200000e+003
  3.0876606e+001  3.0870000e+003
  3.1020324e+001  3.0150000e+003
  3.1163099e+001  2.9550000e+003
  3.1348860e+001  2.9420000e+003
  3.1496813e+001  2.7520000e+003
  3.1912698e+001  2.6860000e+003
  3.2344588e+001  2.3150000e+003
  3.3675538e+001  2.2660000e+003
