  2.8794441e+001  5.5980000e+003
  2.8795994e+001  5.5170000e+003
  2.8937206e+001  4.9750000e+003
  2.9783430e+001  3.9350000e+003
  3.0101326e+001  3.8440000e+003
  3.0173186e+001  3.8050000e+003
  3.0245482e+001  3.6650000e+003
  3.0327115e+001  3.6480000e+003
  3.0396603e+001  3.5830000e+003
  3.0506244e+001  3.5700000e+003
  3.0543466e+001  3.3800000e+003
  3.0700670e+001  3.2940000e+003
  3.0794383e+001  3.1750000e+003
  3.1033237e+001  3.1460000e+003
  3.1061845e+001  3.1350000e+003
  3.1112465e+001  3.1330000e+003
  3.1131583e+001  3.1220000e+003
  3.1154001e+001  3.1060000e+003
  3.1245469e+001  3.0770000e+003
  3.1311230e+001  2.9910000e+003
  3.1355156e+001  2.9500000e+003
  3.1373114e+001  2.9000000e+003
  3.1428478e+001  2.7720000e+003
  3.1804476e+001  2.7280000e+003
  3.3591931e+001  2.2880000e+003
  3.4162332e+001  2.2770000e+003
