  2.8909879e+001  5.5470000e+003
  2.8982386e+001  5.4780000e+003
  2.9047674e+001  5.4010000e+003
  2.9240176e+001  5.1380000e+003
  2.9336391e+001  4.9330000e+003
  2.9899160e+001  4.0010000e+003
  3.0020339e+001  3.9010000e+003
  3.0332338e+001  3.8800000e+003
  3.0348070e+001  3.6670000e+003
  3.0372706e+001  3.6530000e+003
  3.0444580e+001  3.5240000e+003
  3.0571602e+001  3.4870000e+003
  3.0796359e+001  3.3560000e+003
  3.0872145e+001  3.3530000e+003
  3.0921024e+001  3.3450000e+003
  3.0922441e+001  3.2440000e+003
  3.0930368e+001  3.2140000e+003
  3.1040663e+001  3.1190000e+003
  3.1137971e+001  3.0570000e+003
  3.1246274e+001  3.0020000e+003
  3.1258033e+001  2.9900000e+003
  3.1427360e+001  2.9500000e+003
  3.1495315e+001  2.9220000e+003
  3.1554188e+001  2.9080000e+003
  3.1611853e+001  2.7990000e+003
  3.1721956e+001  2.7610000e+003
  3.1837495e+001  2.6490000e+003
  3.2343103e+001  2.3260000e+003
  3.3310303e+001  2.2880000e+003
  3.4089360e+001  2.2720000e+003
