  2.8883603e+001  5.5830000e+003
  2.9030945e+001  5.1350000e+003
  2.9356008e+001  4.9980000e+003
  2.9462256e+001  4.6110000e+003
  3.0030378e+001  3.8890000e+003
  3.0202154e+001  3.8600000e+003
  3.0221599e+001  3.8250000e+003
  3.0234058e+001  3.6030000e+003
  3.0460956e+001  3.5850000e+003
  3.0517393e+001  3.5750000e+003
  3.0532497e+001  3.3100000e+003
  3.0767776e+001  3.2480000e+003
  3.0848235e+001  3.2030000e+003
  3.1068613e+001  3.1830000e+003
  3.1105604e+001  3.0950000e+003
  3.1305386e+001  3.0680000e+003
  3.1348600e+001  3.0080000e+003
  3.1386233e+001  2.9300000e+003
  3.1597754e+001  2.7540000e+003
  3.1599860e+001  2.7190000e+003
  3.1632746e+001  2.4310000e+003
  3.2812686e+001  2.3220000e+003
  3.3236684e+001  2.2690000e+003
