  2.8895212e+001  5.5320000e+003
  2.8966427e+001  5.4930000e+003
  2.8977518e+001  5.0540000e+003
  2.9968578e+001  4.1070000e+003
  3.0064069e+001  3.9310000e+003
  3.0120281e+001  3.7670000e+003
  3.0213831e+001  3.6490000e+003
  3.0342344e+001  3.5340000e+003
  3.0438394e+001  3.4570000e+003
  3.0655374e+001  3.3800000e+003
  3.0802255e+001  3.3450000e+003
  3.0826088e+001  3.3420000e+003
  3.0901143e+001  3.2570000e+003
  3.0927571e+001  3.2460000e+003
  3.0992351e+001  3.1450000e+003
  3.1018794e+001  2.7730000e+003
  3.1643574e+001  2.7720000e+003
  3.1744293e+001  2.7030000e+003
  3.2672924e+001  2.3340000e+003
  3.2696421e+001  2.3130000e+003
  3.2738233e+001  2.2600000e+003
  3.3462613e+001  2.2590000e+003
