  2.8910322e+001  5.5720000e+003
  2.9011248e+001  5.5580000e+003
  2.9095720e+001  5.5440000e+003
  3.0019953e+001  4.0060000e+003
  3.0088381e+001  3.8430000e+003
  3.0182394e+001  3.7210000e+003
  3.0369484e+001  3.5950000e+003
  3.0420353e+001  3.5390000e+003
  3.0446511e+001  3.3510000e+003
  3.0960688e+001  3.3290000e+003
  3.0994928e+001  2.9530000e+003
  3.1406271e+001  2.9180000e+003
  3.1658419e+001  2.6040000e+003
  3.2431189e+001  2.3530000e+003
  3.2584193e+001  2.3320000e+003
  3.3283199e+001  2.3040000e+003
  3.3543658e+001  2.3020000e+003
  3.3784670e+001  2.2830000e+003
  3.3864088e+001  2.2690000e+003
