  2.8844504e+001  5.5090000e+003
  2.8958324e+001  5.3760000e+003
  2.9102589e+001  5.0470000e+003
  2.9705301e+001  4.3400000e+003
  3.0086330e+001  3.9820000e+003
  3.0087500e+001  3.8030000e+003
  3.0237311e+001  3.7590000e+003
  3.0249419e+001  3.6610000e+003
  3.0393907e+001  3.5750000e+003
  3.0393909e+001  3.5560000e+003
  3.0421977e+001  3.5510000e+003
  3.0479373e+001  3.4440000e+003
  3.0609480e+001  3.3900000e+003
  3.0792589e+001  3.3730000e+003
  3.0816954e+001  3.3270000e+003
  3.0859275e+001  3.2360000e+003
  3.0930116e+001  3.0750000e+003
  3.1300165e+001  3.0650000e+003
  3.1338326e+001  3.0240000e+003
  3.1363493e+001  2.9550000e+003
  3.1473021e+001  2.9040000e+003
  3.1586415e+001  2.8660000e+003
  3.1621880e+001  2.8230000e+003
  3.2342482e+001  2.3180000e+003
  3.4841313e+001  2.2630000e+003
