  2.8895916e+001  5.6520000e+003
  2.8914604e+001  5.4800000e+003
  2.8925722e+001  5.4790000e+003
  2.8966332e+001  5.2440000e+003
  3.0011638e+001  4.0280000e+003
  3.0070061e+001  3.9890000e+003
  3.0172584e+001  3.8720000e+003
  3.0285080e+001  3.7110000e+003
  3.0462045e+001  3.6080000e+003
  3.0555610e+001  3.4610000e+003
  3.0751521e+001  3.3120000e+003
  3.0863446e+001  3.0150000e+003
  3.1279412e+001  2.8940000e+003
  3.1555865e+001  2.8620000e+003
  3.1659325e+001  2.8400000e+003
  3.1900672e+001  2.6430000e+003
  3.2769527e+001  2.3500000e+003
  3.2830032e+001  2.3360000e+003
  3.3062481e+001  2.2890000e+003
  3.3706252e+001  2.2780000e+003
  3.5670789e+001  2.2680000e+003
