  2.8736700e+001  5.4010000e+003
  2.9357320e+001  4.8680000e+003
  2.9426259e+001  4.7110000e+003
  3.0035875e+001  3.9770000e+003
  3.0127057e+001  3.8720000e+003
  3.0153322e+001  3.8420000e+003
  3.0263877e+001  3.7680000e+003
  3.0383222e+001  3.7060000e+003
  3.0388754e+001  3.5810000e+003
  3.0608437e+001  3.4400000e+003
  3.0719239e+001  3.4360000e+003
  3.0725050e+001  3.3650000e+003
  3.0873993e+001  3.2890000e+003
  3.0954797e+001  3.2390000e+003
  3.1098249e+001  3.1320000e+003
  3.1120904e+001  3.0200000e+003
  3.1329417e+001  2.9510000e+003
  3.1498348e+001  2.8730000e+003
  3.1594589e+001  2.8480000e+003
  3.1750952e+001  2.8130000e+003
  3.2906285e+001  2.3350000e+003
  3.2978316e+001  2.3200000e+003
  3.2997366e+001  2.2810000e+003
  3.6541604e+001  2.2440000e+003
