  2.8857458e+001  5.5430000e+003
  2.8981697e+001  5.4170000e+003
  2.9283151e+001  4.9600000e+003
  2.9491580e+001  4.6530000e+003
  2.9724600e+001  4.4240000e+003
  3.0007164e+001  4.1610000e+003
  3.0062918e+001  3.6310000e+003
  3.0380344e+001  3.3500000e+003
  3.0898995e+001  3.2410000e+003
  3.0977279e+001  3.2090000e+003
  3.0995553e+001  3.1190000e+003
  3.1172209e+001  3.0060000e+003
  3.1261080e+001  2.9980000e+003
  3.1441866e+001  2.9630000e+003
  3.1443800e+001  2.8660000e+003
  3.1618241e+001  2.6880000e+003
  3.2209683e+001  2.3400000e+003
  3.3326213e+001  2.2890000e+003
  3.3777516e+001  2.2810000e+003
  3.5230141e+001  2.2750000e+003
