  2.8784925e+001  5.6130000e+003
  2.8810852e+001  5.5260000e+003
  2.9079682e+001  5.3950000e+003
  2.9102964e+001  5.0190000e+003
  2.9378523e+001  4.6800000e+003
  2.9878688e+001  3.9370000e+003
  3.0081219e+001  3.8410000e+003
  3.0191582e+001  3.7230000e+003
  3.0365179e+001  3.4560000e+003
  3.0466433e+001  3.1900000e+003
  3.0888902e+001  3.1580000e+003
  3.0952627e+001  3.0930000e+003
  3.1012438e+001  3.0520000e+003
  3.1064890e+001  2.9650000e+003
  3.1321486e+001  2.9530000e+003
  3.1350711e+001  2.8220000e+003
  3.1451472e+001  2.7310000e+003
  3.1766534e+001  2.6210000e+003
  3.1888929e+001  2.3770000e+003
  3.2726508e+001  2.2990000e+003
  3.3444137e+001  2.2970000e+003
  3.4042078e+001  2.2790000e+003
