  2.8742134e+001  5.5360000e+003
  2.9024371e+001  5.1950000e+003
  2.9125638e+001  5.1500000e+003
  2.9668207e+001  4.0480000e+003
  2.9853365e+001  3.9070000e+003
  3.0043256e+001  3.8950000e+003
  3.0163929e+001  3.8590000e+003
  3.0217257e+001  3.8150000e+003
  3.0279075e+001  3.5540000e+003
  3.0571852e+001  3.2830000e+003
  3.0745820e+001  3.2720000e+003
  3.0839260e+001  3.2430000e+003
  3.0883296e+001  3.0650000e+003
  3.1063916e+001  2.8880000e+003
  3.1647854e+001  2.6660000e+003
  3.2488907e+001  2.3570000e+003
  3.3556012e+001  2.2580000e+003
