28.6459 5632
28.6928 5564
28.7367 5401
28.9174 5095
28.9372 4975
29.047 4963
29.1975 4944
29.2618 4656
29.3692 4628
29.4343 4399
29.6299 4249
29.6682 4048
29.7624 3991
29.7834 3935
29.8315 3878
30.0035 3869
30.0445 3735
30.059 3731
30.0629 3631
30.2341 3603
30.2721 3501
30.3652 3456
30.3803 3350
30.4281 3248
30.4664 3190
30.6094 3158
30.7899 3117
30.8634 3015
30.9874 2989
30.9949 2953
31.0188 2773
31.4285 2772
31.4515 2731
31.5793 2711
31.6182 2688
31.6327 2431
31.8889 2377
31.9676 2329
32.3425 2318
32.3446 2315
32.5102 2281
32.7382 2260
33.4626 2259
33.556 2258
34.5458 2253
36.5416 2244
