  2.5082838e+001  1.9870000e+003
  2.5126131e+001  1.9550000e+003
  2.5414050e+001  1.8060000e+003
  2.5534735e+001  1.5850000e+003
  2.6285909e+001  1.3950000e+003
  2.6319027e+001  1.3910000e+003
  2.6462810e+001  1.3680000e+003
  2.6587134e+001  1.3310000e+003
  2.6609105e+001  1.3150000e+003
  2.6761506e+001  1.2790000e+003
  2.6808267e+001  1.2380000e+003
  2.6981025e+001  1.2150000e+003
  2.7037837e+001  1.1120000e+003
  2.7255481e+001  1.0510000e+003
  2.7539599e+001  1.0300000e+003
  2.7910839e+001  1.0180000e+003
  2.8099316e+001  1.0020000e+003
  2.8105089e+001  9.6600000e+002
  2.8274503e+001  9.5100000e+002
  2.8621804e+001  9.5000000e+002
  2.8632909e+001  9.4500000e+002
  2.8719573e+001  9.3100000e+002
  2.8855755e+001  9.2200000e+002
  2.8868573e+001  8.9500000e+002
  2.9087490e+001  8.2300000e+002
  3.0369697e+001  7.5200000e+002
  3.0442785e+001  6.7900000e+002
  3.1086353e+001  6.5800000e+002
  3.1606987e+001  6.1200000e+002
  3.2352690e+001  6.0300000e+002
  3.3744451e+001  6.0100000e+002
  4.2629316e+001  5.9100000e+002
