  2.4991885e+001  2.0260000e+003
  2.5057347e+001  1.9810000e+003
  2.5198420e+001  1.8780000e+003
  2.5515235e+001  1.6230000e+003
  2.6344217e+001  1.3230000e+003
  2.6640826e+001  1.3140000e+003
  2.6671701e+001  1.3050000e+003
  2.6791161e+001  1.2710000e+003
  2.6808745e+001  1.2610000e+003
  2.6830389e+001  1.2470000e+003
  2.6906244e+001  1.2390000e+003
  2.6913107e+001  1.2320000e+003
  2.6965273e+001  1.2090000e+003
  2.7188960e+001  1.1600000e+003
  2.7268268e+001  1.1290000e+003
  2.7319826e+001  1.0710000e+003
  2.7602470e+001  1.0250000e+003
  2.7734333e+001  9.9500000e+002
  2.8079012e+001  9.9400000e+002
  2.8243831e+001  9.3300000e+002
  2.8499343e+001  9.0900000e+002
  2.8646350e+001  8.9200000e+002
  2.8801030e+001  8.5700000e+002
  2.9169596e+001  7.1800000e+002
  3.0509218e+001  6.7300000e+002
  3.1089187e+001  6.6000000e+002
  3.2775077e+001  6.0900000e+002
  3.6589678e+001  5.8800000e+002
  3.9334591e+001  5.8100000e+002
