  2.4968502e+001  2.0240000e+003
  2.5120291e+001  1.9930000e+003
  2.5129308e+001  1.9780000e+003
  2.5189973e+001  1.9350000e+003
  2.5513475e+001  1.7580000e+003
  2.5514300e+001  1.7250000e+003
  2.6208751e+001  1.4190000e+003
  2.6403661e+001  1.3560000e+003
  2.6536708e+001  1.2930000e+003
  2.6663607e+001  1.2710000e+003
  2.6728861e+001  1.2630000e+003
  2.6791768e+001  1.2000000e+003
  2.7098771e+001  1.1610000e+003
  2.7388252e+001  1.1220000e+003
  2.7472508e+001  1.0260000e+003
  2.7838581e+001  9.6900000e+002
  2.8105344e+001  9.2400000e+002
  2.8557178e+001  9.0900000e+002
  2.8973933e+001  9.0800000e+002
  2.8978424e+001  8.9500000e+002
  2.9024380e+001  8.6600000e+002
  2.9176682e+001  8.6200000e+002
  2.9332458e+001  8.4700000e+002
  2.9537237e+001  8.1700000e+002
  2.9561846e+001  8.1400000e+002
  3.0056412e+001  7.2200000e+002
  3.3481842e+001  6.0000000e+002
  3.4379961e+001  5.8800000e+002
  3.8951619e+001  5.8600000e+002
