  2.5017075e+001  1.9950000e+003
  2.5104342e+001  1.9710000e+003
  2.5192018e+001  1.8930000e+003
  2.5414190e+001  1.7020000e+003
  2.5915433e+001  1.5420000e+003
  2.6166465e+001  1.4480000e+003
  2.6284996e+001  1.3450000e+003
  2.6539075e+001  1.2860000e+003
  2.6669032e+001  1.2750000e+003
  2.6739452e+001  1.2670000e+003
  2.6845969e+001  1.2430000e+003
  2.6963357e+001  1.2270000e+003
  2.7068073e+001  1.1070000e+003
  2.7087287e+001  1.0740000e+003
  2.7673679e+001  1.0380000e+003
  2.7844718e+001  9.6500000e+002
  2.8039550e+001  9.5000000e+002
  2.8379312e+001  9.4300000e+002
  2.8437028e+001  9.3200000e+002
  2.8574747e+001  9.1500000e+002
  2.8915776e+001  8.7800000e+002
  2.9086093e+001  8.6300000e+002
  2.9809736e+001  7.6900000e+002
  3.0126027e+001  7.5800000e+002
  3.3686897e+001  5.9600000e+002
  3.4046751e+001  5.8300000e+002
