  2.4912287e+001  2.0040000e+003
  2.5019957e+001  1.9760000e+003
  2.5186956e+001  1.9530000e+003
  2.5276372e+001  1.9350000e+003
  2.5378881e+001  1.8450000e+003
  2.5419667e+001  1.7780000e+003
  2.6054170e+001  1.4720000e+003
  2.6587181e+001  1.3040000e+003
  2.6790164e+001  1.2520000e+003
  2.6964121e+001  1.1180000e+003
  2.7427584e+001  1.1020000e+003
  2.7740106e+001  1.0990000e+003
  2.7804249e+001  1.0680000e+003
  2.7817482e+001  1.0570000e+003
  2.7878157e+001  1.0420000e+003
  2.8080766e+001  1.0180000e+003
  2.8395894e+001  1.0170000e+003
  2.8426665e+001  1.0010000e+003
  2.8463131e+001  9.8400000e+002
  2.8547568e+001  9.4800000e+002
  2.8600586e+001  9.4100000e+002
  2.8810541e+001  9.1700000e+002
  2.8881729e+001  9.1000000e+002
  2.8903581e+001  9.0100000e+002
  2.8989627e+001  8.5600000e+002
  2.9274171e+001  8.2500000e+002
  2.9946505e+001  8.0900000e+002
  3.0179844e+001  6.8300000e+002
  3.3002596e+001  6.2000000e+002
  3.3137740e+001  6.1200000e+002
  3.3593364e+001  5.9600000e+002
  3.4735200e+001  5.9300000e+002
  3.6194936e+001  5.8900000e+002
