  2.4786789e+001  2.0380000e+003
  2.5039592e+001  1.9770000e+003
  2.5069646e+001  1.9130000e+003
  2.5130134e+001  1.7820000e+003
  2.6721494e+001  1.3100000e+003
  2.6839417e+001  1.2620000e+003
  2.6839801e+001  1.2210000e+003
  2.6871112e+001  1.1970000e+003
  2.7163210e+001  1.1150000e+003
  2.7225821e+001  1.1020000e+003
  2.7385833e+001  1.0950000e+003
  2.7707513e+001  1.0890000e+003
  2.7743081e+001  1.0260000e+003
  2.7944221e+001  1.0150000e+003
  2.8188213e+001  9.3200000e+002
  2.8619130e+001  9.3000000e+002
  2.8874814e+001  9.0600000e+002
  2.9054045e+001  8.9900000e+002
  2.9083419e+001  8.8500000e+002
  2.9153382e+001  8.6800000e+002
  2.9354808e+001  8.5800000e+002
  2.9536521e+001  8.0800000e+002
  2.9635645e+001  8.0500000e+002
  2.9949625e+001  7.7200000e+002
  3.2209198e+001  6.1400000e+002
  3.2665507e+001  6.0200000e+002
  3.4664256e+001  5.8700000e+002
  3.6270433e+001  5.7500000e+002
