  2.5154758e+001  1.9200000e+003
  2.5201467e+001  1.8350000e+003
  2.5887886e+001  1.5640000e+003
  2.5923075e+001  1.4160000e+003
  2.6443476e+001  1.3450000e+003
  2.6483540e+001  1.3060000e+003
  2.6657445e+001  1.1470000e+003
  2.6862022e+001  1.1240000e+003
  2.7306214e+001  1.0580000e+003
  2.7518064e+001  1.0040000e+003
  2.7571907e+001  9.9000000e+002
  2.8242372e+001  9.6700000e+002
  2.8289938e+001  9.4200000e+002
  2.8463365e+001  9.2700000e+002
  2.8802733e+001  8.9900000e+002
  2.9090475e+001  8.7700000e+002
  2.9258217e+001  8.2500000e+002
  2.9442240e+001  8.2400000e+002
  2.9543529e+001  8.0200000e+002
  3.0136930e+001  7.0100000e+002
  3.0941828e+001  6.4500000e+002
  3.2076245e+001  6.2700000e+002
  3.3855169e+001  5.9500000e+002
  3.4034597e+001  5.9100000e+002
  3.7000291e+001  5.8200000e+002
