  2.5114756e+001  2.0400000e+003
  2.5149987e+001  2.0180000e+003
  2.5203497e+001  1.8470000e+003
  2.6184584e+001  1.4100000e+003
  2.6330293e+001  1.3800000e+003
  2.6769750e+001  1.3700000e+003
  2.6819954e+001  1.3570000e+003
  2.6820509e+001  1.3380000e+003
  2.6861700e+001  1.2750000e+003
  2.6933718e+001  1.1800000e+003
  2.7020959e+001  1.1710000e+003
  2.7168521e+001  1.0960000e+003
  2.7633184e+001  1.0580000e+003
  2.7721987e+001  1.0220000e+003
  2.8038906e+001  9.7300000e+002
  2.8185145e+001  9.5000000e+002
  2.8321358e+001  9.3000000e+002
  2.8603758e+001  9.2300000e+002
  2.8641838e+001  8.9600000e+002
  2.8943899e+001  8.9100000e+002
  2.9103470e+001  8.8600000e+002
  2.9337597e+001  8.2900000e+002
  2.9441160e+001  8.1200000e+002
  3.1840180e+001  6.2900000e+002
  3.2903570e+001  6.1100000e+002
  3.3241386e+001  5.9900000e+002
  3.5041144e+001  5.9000000e+002
  3.8070129e+001  5.8800000e+002
