  2.4952787e+001  2.0070000e+003
  2.4999356e+001  1.9370000e+003
  2.5170073e+001  1.9130000e+003
  2.5519939e+001  1.6840000e+003
  2.6193057e+001  1.4700000e+003
  2.6254936e+001  1.3850000e+003
  2.6460676e+001  1.3030000e+003
  2.6676399e+001  1.2990000e+003
  2.6679732e+001  1.2470000e+003
  2.6778140e+001  1.2150000e+003
  2.6817046e+001  1.1480000e+003
  2.7395920e+001  1.1330000e+003
  2.7530753e+001  1.0990000e+003
  2.7557474e+001  1.0980000e+003
  2.7650161e+001  1.0950000e+003
  2.7703806e+001  1.0210000e+003
  2.8084764e+001  9.9600000e+002
  2.8367460e+001  9.9000000e+002
  2.8417061e+001  9.4800000e+002
  2.8526231e+001  8.7500000e+002
  2.9045084e+001  8.6600000e+002
  2.9290416e+001  8.6000000e+002
  2.9423670e+001  8.4000000e+002
  2.9431826e+001  8.2800000e+002
  2.9614084e+001  8.1600000e+002
  2.9893120e+001  7.3800000e+002
  3.0825934e+001  6.5600000e+002
  3.2296287e+001  6.1200000e+002
  3.2575946e+001  6.0800000e+002
  3.2626663e+001  6.0300000e+002
  3.2964287e+001  5.8900000e+002
  3.5554100e+001  5.8100000e+002
