  2.4876127e+001  1.9250000e+003
  2.4899355e+001  1.9220000e+003
  2.5240186e+001  1.8320000e+003
  2.5378539e+001  1.7240000e+003
  2.5403910e+001  1.6210000e+003
  2.6096720e+001  1.4140000e+003
  2.6349112e+001  1.3380000e+003
  2.6624457e+001  1.2940000e+003
  2.6740013e+001  1.2750000e+003
  2.6821874e+001  1.2430000e+003
  2.7065737e+001  1.2420000e+003
  2.7097375e+001  1.1610000e+003
  2.7104695e+001  1.1070000e+003
  2.7571040e+001  1.0730000e+003
  2.7735309e+001  1.0140000e+003
  2.7796108e+001  9.9400000e+002
  2.8093699e+001  9.8000000e+002
  2.8561825e+001  9.6300000e+002
  2.8573413e+001  9.4300000e+002
  2.8621295e+001  9.3600000e+002
  2.8686066e+001  9.2500000e+002
  2.8734946e+001  8.9800000e+002
  2.8809238e+001  8.9200000e+002
  2.8893924e+001  8.6000000e+002
  2.9275407e+001  8.3400000e+002
  2.9418608e+001  8.2600000e+002
  3.0109809e+001  7.9500000e+002
  3.0181780e+001  7.2000000e+002
  3.1094249e+001  6.6000000e+002
  3.1930484e+001  6.1800000e+002
  3.3099223e+001  6.0600000e+002
  3.3443668e+001  5.9800000e+002
  3.4551218e+001  5.9200000e+002
  3.7337068e+001  5.8700000e+002
