  2.4969172e+001  1.9920000e+003
  2.4996927e+001  1.9860000e+003
  2.5087947e+001  1.9420000e+003
  2.5287545e+001  1.8000000e+003
  2.5368327e+001  1.7650000e+003
  2.5871138e+001  1.4500000e+003
  2.6245461e+001  1.3550000e+003
  2.6494245e+001  1.2740000e+003
  2.6641293e+001  1.2600000e+003
  2.6818027e+001  1.2420000e+003
  2.6830659e+001  1.1980000e+003
  2.7049201e+001  1.1440000e+003
  2.7160401e+001  1.1160000e+003
  2.7176023e+001  1.1050000e+003
  2.7331829e+001  1.1010000e+003
  2.7390853e+001  1.0890000e+003
  2.7444177e+001  1.0400000e+003
  2.7537595e+001  9.9100000e+002
  2.7864815e+001  9.8600000e+002
  2.8083077e+001  9.2200000e+002
  2.8527664e+001  8.8900000e+002
  2.8708665e+001  8.6300000e+002
  2.8989850e+001  8.3200000e+002
  2.9008109e+001  8.2200000e+002
  2.9561290e+001  8.1500000e+002
  2.9701833e+001  7.5400000e+002
  3.1092406e+001  6.4400000e+002
  3.2315938e+001  6.0700000e+002
  3.3776126e+001  5.9100000e+002
  3.7162577e+001  5.8300000e+002
