  2.4970979e+001  1.9840000e+003
  2.4995540e+001  1.9540000e+003
  2.5286205e+001  1.8470000e+003
  2.5570645e+001  1.7380000e+003
  2.6287675e+001  1.3380000e+003
  2.6418764e+001  1.3170000e+003
  2.6650929e+001  1.2630000e+003
  2.6850891e+001  1.2160000e+003
  2.6873858e+001  1.1780000e+003
  2.6876916e+001  1.1400000e+003
  2.7355052e+001  1.1060000e+003
  2.7715721e+001  1.0690000e+003
  2.7824278e+001  1.0000000e+003
  2.8110779e+001  9.4400000e+002
  2.8608114e+001  9.2600000e+002
  2.8676529e+001  9.1600000e+002
  2.8724526e+001  8.8100000e+002
  2.9114699e+001  8.5600000e+002
  2.9503606e+001  8.5100000e+002
  3.0360944e+001  7.3500000e+002
  3.0420503e+001  7.1800000e+002
  3.0735537e+001  6.7900000e+002
  3.1888733e+001  6.1900000e+002
  3.3345437e+001  6.1600000e+002
  3.3729956e+001  6.1200000e+002
  3.4093855e+001  6.0200000e+002
  3.6383554e+001  5.8000000e+002
