  2.4920334e+001  2.0040000e+003
  2.5151897e+001  1.8850000e+003
  2.5319048e+001  1.7660000e+003
  2.5435003e+001  1.6370000e+003
  2.6417341e+001  1.3450000e+003
  2.6634067e+001  1.3140000e+003
  2.6651915e+001  1.2930000e+003
  2.6670766e+001  1.2620000e+003
  2.6696340e+001  1.2600000e+003
  2.6710773e+001  1.1830000e+003
  2.7063712e+001  1.1730000e+003
  2.7070882e+001  1.1720000e+003
  2.7189012e+001  1.0850000e+003
  2.7425518e+001  1.0840000e+003
  2.7644185e+001  1.0810000e+003
  2.7715160e+001  9.9100000e+002
  2.8250497e+001  9.5400000e+002
  2.8272406e+001  9.1400000e+002
  2.8543670e+001  9.1000000e+002
  2.8788731e+001  8.9300000e+002
  2.8986315e+001  8.8600000e+002
  2.8986476e+001  8.8100000e+002
  2.9022630e+001  8.6000000e+002
  2.9148154e+001  8.5200000e+002
  2.9293063e+001  8.1800000e+002
  2.9667272e+001  7.8300000e+002
  2.9822529e+001  7.1600000e+002
  3.0523412e+001  6.2300000e+002
  3.2097541e+001  6.0300000e+002
  3.3685241e+001  6.0000000e+002
  3.4684327e+001  5.8300000e+002
  3.4688013e+001  5.6800000e+002
