  2.4850688e+001  2.0100000e+003
  2.5115571e+001  1.9200000e+003
  2.5122751e+001  1.6120000e+003
  2.6191432e+001  1.2730000e+003
  2.6863236e+001  1.2680000e+003
  2.6905683e+001  1.2520000e+003
  2.6934149e+001  1.0540000e+003
  2.7507754e+001  1.0430000e+003
  2.7735174e+001  1.0360000e+003
  2.7939081e+001  1.0150000e+003
  2.8045001e+001  9.4700000e+002
  2.8150828e+001  9.3500000e+002
  2.8526039e+001  8.4700000e+002
  2.9207957e+001  8.1600000e+002
  2.9930733e+001  7.7000000e+002
  3.0123925e+001  7.5000000e+002
  3.0480316e+001  7.1800000e+002
  3.0796243e+001  6.4600000e+002
  3.3741809e+001  5.9400000e+002
  3.4300898e+001  5.9300000e+002
  3.6094960e+001  5.8500000e+002
