  2.4980500e+001  1.8780000e+003
  2.5139219e+001  1.8480000e+003
  2.5344186e+001  1.7220000e+003
  2.5744332e+001  1.6760000e+003
  2.6446176e+001  1.3700000e+003
  2.6656017e+001  1.2980000e+003
  2.6663389e+001  1.2220000e+003
  2.6895944e+001  1.2000000e+003
  2.6897517e+001  1.1870000e+003
  2.7031228e+001  1.1820000e+003
  2.7199936e+001  1.1420000e+003
  2.7391040e+001  1.1020000e+003
  2.7577234e+001  9.9700000e+002
  2.7866414e+001  9.9200000e+002
  2.7871444e+001  9.8400000e+002
  2.7946209e+001  9.8100000e+002
  2.8253965e+001  9.5800000e+002
  2.8444384e+001  9.4900000e+002
  2.8534439e+001  9.4100000e+002
  2.8671550e+001  9.2900000e+002
  2.8769994e+001  8.4800000e+002
  2.9303815e+001  8.1800000e+002
  2.9961540e+001  7.5700000e+002
  2.9980640e+001  7.5100000e+002
  3.4472549e+001  5.9400000e+002
  3.5299418e+001  5.8900000e+002
  3.8692156e+001  5.8000000e+002
