  2.5031690e+001  1.9720000e+003
  2.5033398e+001  1.9400000e+003
  2.5034379e+001  1.8330000e+003
  2.5718966e+001  1.6130000e+003
  2.6533193e+001  1.3050000e+003
  2.6817384e+001  1.2710000e+003
  2.6854083e+001  1.2550000e+003
  2.6892502e+001  1.2240000e+003
  2.6915376e+001  1.2170000e+003
  2.7034083e+001  1.2070000e+003
  2.7240669e+001  1.1900000e+003
  2.7262168e+001  1.1790000e+003
  2.7263274e+001  1.1650000e+003
  2.7344222e+001  1.1580000e+003
  2.7380403e+001  1.1040000e+003
  2.7405598e+001  1.0990000e+003
  2.7436457e+001  1.0670000e+003
  2.7694923e+001  1.0630000e+003
  2.7895918e+001  1.0520000e+003
  2.8025133e+001  9.7700000e+002
  2.8284347e+001  9.6900000e+002
  2.8321472e+001  9.5500000e+002
  2.8491400e+001  9.4800000e+002
  2.8542538e+001  9.1900000e+002
  2.8616810e+001  9.1500000e+002
  2.8799504e+001  9.1300000e+002
  2.8853554e+001  9.0000000e+002
  2.9073306e+001  8.9400000e+002
  2.9243556e+001  8.7500000e+002
  2.9303255e+001  8.5400000e+002
  2.9439977e+001  7.9700000e+002
  2.9632950e+001  7.8500000e+002
  3.0026332e+001  7.8400000e+002
  3.0045941e+001  7.7900000e+002
  3.0743953e+001  6.7100000e+002
  3.0965891e+001  6.2100000e+002
  3.4699362e+001  5.8800000e+002
  3.4796046e+001  5.8200000e+002
