  2.4852505e+001  2.0100000e+003
  2.4981066e+001  1.9740000e+003
  2.5007242e+001  1.9660000e+003
  2.5124236e+001  1.9530000e+003
  2.5156009e+001  1.8150000e+003
  2.5488327e+001  1.8060000e+003
  2.5596084e+001  1.7040000e+003
  2.5641735e+001  1.6770000e+003
  2.6024203e+001  1.3080000e+003
  2.6542761e+001  1.2830000e+003
  2.6792287e+001  1.1580000e+003
  2.7043272e+001  1.1550000e+003
  2.7191317e+001  1.1140000e+003
  2.7421894e+001  1.0680000e+003
  2.7557012e+001  1.0460000e+003
  2.7845195e+001  1.0170000e+003
  2.8015938e+001  1.0050000e+003
  2.8027282e+001  9.6900000e+002
  2.8318544e+001  9.5400000e+002
  2.8600035e+001  9.3900000e+002
  2.8682743e+001  9.1200000e+002
  2.9010570e+001  8.8500000e+002
  2.9075035e+001  8.7900000e+002
  2.9154727e+001  8.5500000e+002
  2.9202542e+001  8.3100000e+002
  2.9520510e+001  8.2600000e+002
  2.9633028e+001  8.1800000e+002
  2.9729759e+001  7.7400000e+002
  2.9933427e+001  7.1900000e+002
  3.0659968e+001  6.5300000e+002
  3.3479293e+001  6.0300000e+002
  3.7913268e+001  5.8800000e+002
