  2.5014708e+001  1.9760000e+003
  2.5109227e+001  1.9730000e+003
  2.5390184e+001  1.8060000e+003
  2.5451767e+001  1.7560000e+003
  2.5823115e+001  1.4080000e+003
  2.6261130e+001  1.4060000e+003
  2.6518724e+001  1.3140000e+003
  2.6556971e+001  1.2940000e+003
  2.6770716e+001  1.2490000e+003
  2.6779713e+001  1.2380000e+003
  2.7129282e+001  1.2160000e+003
  2.7131946e+001  1.1560000e+003
  2.7413671e+001  1.1310000e+003
  2.7454892e+001  1.1080000e+003
  2.7795672e+001  1.0680000e+003
  2.7891988e+001  1.0430000e+003
  2.8223168e+001  1.0230000e+003
  2.8239942e+001  9.8400000e+002
  2.8346865e+001  9.5600000e+002
  2.8459139e+001  9.5100000e+002
  2.8647175e+001  9.3800000e+002
  2.8651645e+001  9.2900000e+002
  2.8667682e+001  9.1400000e+002
  2.8906862e+001  9.0000000e+002
  2.9113920e+001  8.9500000e+002
  2.9237373e+001  8.4100000e+002
  2.9253368e+001  8.3000000e+002
  3.0075435e+001  7.7700000e+002
  3.0621986e+001  6.7000000e+002
  3.1907563e+001  6.1800000e+002
  3.2824979e+001  6.1200000e+002
  3.3348469e+001  6.0000000e+002
  3.4767300e+001  5.8900000e+002
  3.8166081e+001  5.8000000e+002
