  2.4944974e+001  1.8810000e+003
  2.5096253e+001  1.8090000e+003
  2.6415825e+001  1.3190000e+003
  2.6534740e+001  1.2620000e+003
  2.6850610e+001  1.2190000e+003
  2.6875255e+001  1.2070000e+003
  2.7026612e+001  1.2010000e+003
  2.7062809e+001  1.1450000e+003
  2.7203263e+001  1.1190000e+003
  2.7416869e+001  1.1160000e+003
  2.7587482e+001  1.1110000e+003
  2.7646521e+001  1.0920000e+003
  2.7718452e+001  1.0650000e+003
  2.7747073e+001  1.0430000e+003
  2.7769262e+001  1.0140000e+003
  2.7888021e+001  9.8300000e+002
  2.7968398e+001  9.7900000e+002
  2.7973268e+001  9.7500000e+002
  2.8540409e+001  9.0000000e+002
  2.8918891e+001  8.1500000e+002
  2.9730854e+001  8.0500000e+002
  2.9823520e+001  7.9400000e+002
  3.1482595e+001  6.4800000e+002
  3.1905927e+001  6.3200000e+002
  3.2263404e+001  6.1600000e+002
  3.3367091e+001  6.0100000e+002
  3.3641543e+001  5.9500000e+002
  3.5467181e+001  5.9300000e+002
  3.5745687e+001  5.8800000e+002
