  2.4922317e+001  1.9220000e+003
  2.5150464e+001  1.9080000e+003
  2.5167171e+001  1.8610000e+003
  2.5179060e+001  1.8470000e+003
  2.5518210e+001  1.6690000e+003
  2.6566554e+001  1.3380000e+003
  2.6575411e+001  1.3280000e+003
  2.6665762e+001  1.2810000e+003
  2.6870390e+001  1.2760000e+003
  2.7017195e+001  1.2380000e+003
  2.7024250e+001  1.2330000e+003
  2.7088014e+001  1.2090000e+003
  2.7259551e+001  1.1720000e+003
  2.7321887e+001  1.1200000e+003
  2.7475965e+001  1.0950000e+003
  2.7539283e+001  1.0680000e+003
  2.7691351e+001  1.0590000e+003
  2.7778067e+001  1.0290000e+003
  2.7968014e+001  9.8100000e+002
  2.7982187e+001  9.4300000e+002
  2.8416853e+001  9.3800000e+002
  2.8521994e+001  9.1100000e+002
  2.8761740e+001  8.8500000e+002
  2.9015892e+001  8.3300000e+002
  2.9324302e+001  7.9600000e+002
  2.9652975e+001  7.8400000e+002
  3.0298380e+001  6.7700000e+002
  3.1043054e+001  6.2700000e+002
  3.3729562e+001  6.0400000e+002
  3.5101585e+001  5.9100000e+002
  3.6537351e+001  5.7900000e+002
