24.7868 2038
24.8507 2010
24.8761 1925
24.8994 1922
24.945 1881
24.9805 1878
25.0344 1833
25.0963 1809
25.1228 1612
25.5347 1585
25.8231 1408
26.0242 1308
26.1914 1273
26.5347 1262
26.6413 1260
26.6574 1147
26.862 1124
26.9341 1054
27.2555 1051
27.4442 1040
27.4725 1026
27.5181 1004
27.5376 991
27.5719 990
27.8386 969
27.8447 965
27.9822 943
28.0831 922
28.2724 914
28.4993 909
28.526 847
28.9189 815
29.1696 718
29.8225 716
30.1369 701
30.1798 683
30.2984 677
30.5092 673
30.5234 623
30.9659 621
31.607 612
32.0975 603
32.6655 602
32.9643 589
34.0467 583
34.688 568
