  3.1754172e+001  6.6340000e+003
  3.1922006e+001  6.5190000e+003
  3.1999013e+001  6.4490000e+003
  3.3032291e+001  4.6690000e+003
  3.3169007e+001  4.5690000e+003
  3.3195099e+001  4.4640000e+003
  3.3254634e+001  4.3330000e+003
  3.3375368e+001  4.2260000e+003
  3.3506998e+001  4.0340000e+003
  3.3613129e+001  4.0080000e+003
  3.3780738e+001  3.8930000e+003
  3.3901674e+001  3.8030000e+003
  3.3948663e+001  3.7390000e+003
  3.4072495e+001  3.6280000e+003
  3.4157477e+001  3.5380000e+003
  3.5117116e+001  2.9680000e+003
  3.5150497e+001  2.9550000e+003
  3.5631528e+001  2.9170000e+003
  3.6323602e+001  2.8990000e+003
