  3.1568567e+001  6.6860000e+003
  3.1606691e+001  6.4720000e+003
  3.1681433e+001  6.3490000e+003
  3.2705586e+001  4.7400000e+003
  3.2712343e+001  4.4630000e+003
  3.3147157e+001  4.3560000e+003
  3.3166918e+001  4.3440000e+003
  3.3175629e+001  4.3410000e+003
  3.3176528e+001  4.2160000e+003
  3.3274889e+001  4.1980000e+003
  3.3308809e+001  3.9550000e+003
  3.3451314e+001  3.8880000e+003
  3.3495350e+001  3.6470000e+003
  3.3834562e+001  3.4850000e+003
  3.4236731e+001  3.2740000e+003
  3.4342193e+001  3.0390000e+003
  3.4626720e+001  3.0010000e+003
  3.4937695e+001  2.9170000e+003
  3.6902109e+001  2.9100000e+003
  3.7176661e+001  2.8860000e+003
