  3.1622003e+001  6.5900000e+003
  3.1765764e+001  6.4790000e+003
  3.1897532e+001  6.1460000e+003
  3.2092689e+001  5.9000000e+003
  3.2598194e+001  4.8550000e+003
  3.2711596e+001  4.7500000e+003
  3.2896149e+001  4.3540000e+003
  3.2949724e+001  4.3230000e+003
  3.3204754e+001  4.2640000e+003
  3.3248756e+001  4.2540000e+003
  3.3311762e+001  3.9160000e+003
  3.3351054e+001  3.9070000e+003
  3.3520733e+001  3.6440000e+003
  3.3996197e+001  3.6010000e+003
  3.4155846e+001  3.5430000e+003
  3.4213407e+001  3.5240000e+003
  3.4530606e+001  3.1000000e+003
  3.5536284e+001  2.9500000e+003
  3.6059140e+001  2.9270000e+003
  3.6072270e+001  2.9090000e+003
  3.6294335e+001  2.8860000e+003
  3.6778538e+001  2.8480000e+003
