  3.1672900e+001  6.5670000e+003
  3.1965021e+001  6.0710000e+003
  3.1970561e+001  5.8830000e+003
  3.2515816e+001  5.1620000e+003
  3.2810541e+001  4.8070000e+003
  3.2933335e+001  4.7560000e+003
  3.2951455e+001  4.6050000e+003
  3.3134054e+001  4.5000000e+003
  3.3293602e+001  4.1870000e+003
  3.3459164e+001  3.9260000e+003
  3.3685016e+001  3.9210000e+003
  3.3765057e+001  3.7040000e+003
  3.3875503e+001  3.5140000e+003
  3.3992403e+001  3.4770000e+003
  3.4319349e+001  3.3450000e+003
  3.5397448e+001  2.9630000e+003
  3.5422860e+001  2.9610000e+003
  3.5855639e+001  2.9370000e+003
  3.6295025e+001  2.9120000e+003
  3.7022363e+001  2.8980000e+003
