  3.1628644e+001  6.6850000e+003
  3.1677205e+001  6.6600000e+003
  3.1720956e+001  6.4770000e+003
  3.2147069e+001  5.5360000e+003
  3.2518834e+001  5.0470000e+003
  3.2738118e+001  4.7870000e+003
  3.2841967e+001  4.6870000e+003
  3.2884379e+001  4.6480000e+003
  3.2953285e+001  4.6300000e+003
  3.2971154e+001  4.4810000e+003
  3.3127019e+001  4.3450000e+003
  3.3140159e+001  4.3020000e+003
  3.3273092e+001  4.1070000e+003
  3.3361262e+001  4.0680000e+003
  3.3376894e+001  4.0270000e+003
  3.3548184e+001  3.8890000e+003
  3.3680757e+001  3.8460000e+003
  3.3738897e+001  3.6470000e+003
  3.3860785e+001  3.6450000e+003
  3.4057197e+001  3.4730000e+003
  3.4260870e+001  3.3930000e+003
  3.4310271e+001  3.0730000e+003
  3.5226474e+001  2.9830000e+003
  3.5581887e+001  2.9140000e+003
  3.7392987e+001  2.9110000e+003
