  3.1651037e+001  6.5840000e+003
  3.1770322e+001  6.3480000e+003
  3.1811823e+001  5.8970000e+003
  3.2259757e+001  5.2150000e+003
  3.2809914e+001  4.7340000e+003
  3.2840053e+001  4.7250000e+003
  3.2966727e+001  4.7220000e+003
  3.2985948e+001  4.5680000e+003
  3.3084371e+001  4.3470000e+003
  3.3246671e+001  4.2180000e+003
  3.3494951e+001  4.1150000e+003
  3.3584811e+001  3.9890000e+003
  3.3743734e+001  3.8010000e+003
  3.3909746e+001  3.7000000e+003
  3.3985698e+001  3.6000000e+003
  3.4411808e+001  3.4040000e+003
  3.4767018e+001  3.0410000e+003
  3.5000980e+001  2.9930000e+003
  3.5508365e+001  2.9380000e+003
  3.6088404e+001  2.9060000e+003
  3.6146766e+001  2.8680000e+003
