  3.1643983e+001  6.6830000e+003
  3.1708894e+001  6.5000000e+003
  3.1748362e+001  6.4640000e+003
  3.1801672e+001  6.0670000e+003
  3.2793881e+001  4.7570000e+003
  3.2899266e+001  4.6760000e+003
  3.2975049e+001  4.5780000e+003
  3.2987306e+001  4.4490000e+003
  3.3045886e+001  4.2890000e+003
  3.3179454e+001  4.2820000e+003
  3.3355435e+001  4.1820000e+003
  3.3416938e+001  4.1660000e+003
  3.3545105e+001  4.0720000e+003
  3.3676510e+001  4.0480000e+003
  3.3678324e+001  3.9720000e+003
  3.3699339e+001  3.9110000e+003
  3.3717815e+001  3.9050000e+003
  3.3755327e+001  3.5320000e+003
  3.3927571e+001  3.4350000e+003
  3.4675833e+001  3.0030000e+003
  3.5569199e+001  2.9300000e+003
  3.7218508e+001  2.8890000e+003
