  3.1699616e+001  6.7440000e+003
  3.1735989e+001  6.6100000e+003
  3.1750938e+001  6.5050000e+003
  3.1859697e+001  6.3320000e+003
  3.2131310e+001  5.6730000e+003
  3.2930703e+001  4.8760000e+003
  3.3011944e+001  4.6750000e+003
  3.3073750e+001  4.4660000e+003
  3.3145984e+001  4.3940000e+003
  3.3322589e+001  4.3340000e+003
  3.3376480e+001  4.3020000e+003
  3.3487577e+001  4.1770000e+003
  3.3558095e+001  3.8180000e+003
  3.3782338e+001  3.6670000e+003
  3.3793271e+001  3.6410000e+003
  3.4041556e+001  3.5710000e+003
  3.4099763e+001  3.4560000e+003
  3.4124767e+001  3.3820000e+003
  3.4168940e+001  3.3200000e+003
  3.5159188e+001  2.9580000e+003
  3.5167548e+001  2.9510000e+003
  3.5569703e+001  2.8800000e+003
