  3.1543285e+001  6.5120000e+003
  3.1865026e+001  6.3280000e+003
  3.1911608e+001  6.2850000e+003
  3.2695812e+001  4.8430000e+003
  3.2864088e+001  4.7150000e+003
  3.2869775e+001  4.5350000e+003
  3.2877481e+001  4.4540000e+003
  3.3123741e+001  4.4310000e+003
  3.3142645e+001  3.9830000e+003
  3.3455602e+001  3.8860000e+003
  3.3812017e+001  3.6610000e+003
  3.3966677e+001  3.6410000e+003
  3.4064846e+001  3.5520000e+003
  3.4095109e+001  3.5180000e+003
  3.4144631e+001  3.4590000e+003
  3.4259295e+001  3.2970000e+003
  3.4495993e+001  3.0440000e+003
  3.4887522e+001  3.0030000e+003
  3.5776847e+001  2.9320000e+003
  3.6478462e+001  2.9220000e+003
  3.6552381e+001  2.9070000e+003
