  3.1511660e+001  6.6150000e+003
  3.1678961e+001  6.5200000e+003
  3.1851927e+001  6.4700000e+003
  3.2129935e+001  5.9820000e+003
  3.2842161e+001  4.7730000e+003
  3.2951344e+001  4.5320000e+003
  3.3019232e+001  4.5190000e+003
  3.3061183e+001  4.4760000e+003
  3.3083087e+001  4.4510000e+003
  3.3092009e+001  4.2580000e+003
  3.3189290e+001  4.1110000e+003
  3.3353543e+001  4.0300000e+003
  3.3427107e+001  3.8660000e+003
  3.3702861e+001  3.7290000e+003
  3.3732986e+001  3.5640000e+003
  3.4169130e+001  3.5440000e+003
  3.4411841e+001  3.3000000e+003
  3.4484664e+001  3.0880000e+003
  3.5156159e+001  2.9760000e+003
  3.5525105e+001  2.9180000e+003
  3.5534107e+001  2.9170000e+003
  3.6071566e+001  2.9050000e+003
