  3.1622745e+001  6.5630000e+003
  3.1776857e+001  6.4850000e+003
  3.2813803e+001  4.9540000e+003
  3.2845558e+001  4.6620000e+003
  3.2914822e+001  4.6340000e+003
  3.3018507e+001  4.5850000e+003
  3.3059738e+001  4.5690000e+003
  3.3110295e+001  4.5420000e+003
  3.3158610e+001  4.5180000e+003
  3.3177295e+001  4.4600000e+003
  3.3213129e+001  4.3410000e+003
  3.3422978e+001  4.2120000e+003
  3.3488140e+001  4.1270000e+003
  3.3508218e+001  4.0420000e+003
  3.3539951e+001  3.7790000e+003
  3.3990380e+001  3.6830000e+003
  3.4088262e+001  3.6680000e+003
  3.4185206e+001  3.6280000e+003
  3.4302400e+001  3.4640000e+003
  3.4327308e+001  3.3950000e+003
  3.4621204e+001  2.9970000e+003
  3.5090004e+001  2.9530000e+003
  3.5248366e+001  2.9300000e+003
  3.5650274e+001  2.9210000e+003
  3.5869506e+001  2.9000000e+003
  3.7242421e+001  2.8920000e+003
  3.7627454e+001  2.8770000e+003
