  3.1714062e+001  6.6850000e+003
  3.1809162e+001  6.4490000e+003
  3.1869519e+001  6.3940000e+003
  3.1973284e+001  6.0360000e+003
  3.2071793e+001  5.9170000e+003
  3.2695838e+001  4.9390000e+003
  3.2720769e+001  4.8670000e+003
  3.2723913e+001  4.7570000e+003
  3.2891045e+001  4.3970000e+003
  3.2928522e+001  4.3960000e+003
  3.3062976e+001  4.3270000e+003
  3.3255522e+001  4.1010000e+003
  3.3563302e+001  4.0320000e+003
  3.3568062e+001  3.7200000e+003
  3.3885189e+001  3.5090000e+003
  3.3991972e+001  3.4810000e+003
  3.4229939e+001  3.3970000e+003
  3.4510113e+001  2.9680000e+003
  3.5064754e+001  2.9350000e+003
  3.5808530e+001  2.9070000e+003
  3.6506683e+001  2.8940000e+003
