  3.1527399e+001  6.5410000e+003
  3.1676715e+001  6.4880000e+003
  3.1942306e+001  6.3540000e+003
  3.2026871e+001  5.9650000e+003
  3.2555426e+001  4.8500000e+003
  3.2737057e+001  4.5670000e+003
  3.2953973e+001  4.5460000e+003
  3.3078989e+001  4.5340000e+003
  3.3103980e+001  4.5080000e+003
  3.3136089e+001  4.3890000e+003
  3.3153734e+001  4.2590000e+003
  3.3234695e+001  4.2000000e+003
  3.3355351e+001  4.1310000e+003
  3.3395815e+001  4.0740000e+003
  3.3425988e+001  3.9480000e+003
  3.3547177e+001  3.9360000e+003
  3.3618441e+001  3.8320000e+003
  3.3752533e+001  3.5400000e+003
  3.4057164e+001  3.4820000e+003
  3.4207046e+001  3.3050000e+003
  3.4346584e+001  3.0930000e+003
  3.4793423e+001  3.0450000e+003
  3.4863785e+001  3.0070000e+003
  3.5791424e+001  2.8970000e+003
