  3.1732353e+001  6.5440000e+003
  3.1795831e+001  6.4590000e+003
  3.1885907e+001  6.4260000e+003
  3.2072337e+001  5.9080000e+003
  3.2237506e+001  5.0710000e+003
  3.2618106e+001  4.9780000e+003
  3.2728354e+001  4.6880000e+003
  3.2937749e+001  4.5510000e+003
  3.3084191e+001  4.3230000e+003
  3.3254143e+001  4.0740000e+003
  3.3305277e+001  3.9740000e+003
  3.3514805e+001  3.9580000e+003
  3.3553344e+001  3.8630000e+003
  3.3651731e+001  3.7440000e+003
  3.3937979e+001  3.7430000e+003
  3.4041336e+001  3.5940000e+003
  3.4178402e+001  3.4750000e+003
  3.4186386e+001  3.0940000e+003
  3.5299635e+001  2.9400000e+003
  3.5800441e+001  2.8640000e+003
