  3.1693427e+001  6.6290000e+003
  3.1702916e+001  6.6000000e+003
  3.1768797e+001  6.5520000e+003
  3.1793151e+001  6.5020000e+003
  3.2590453e+001  4.8110000e+003
  3.2773954e+001  4.7110000e+003
  3.2991941e+001  4.5210000e+003
  3.3032132e+001  4.5070000e+003
  3.3156536e+001  4.2720000e+003
  3.3160078e+001  3.9740000e+003
  3.3686598e+001  3.9570000e+003
  3.3860054e+001  3.8260000e+003
  3.3980844e+001  3.7030000e+003
  3.4111932e+001  3.5740000e+003
  3.4246441e+001  3.5400000e+003
  3.4277877e+001  3.3560000e+003
  3.4727164e+001  2.9810000e+003
  3.4872682e+001  2.9600000e+003
  3.5103038e+001  2.9330000e+003
  3.5387512e+001  2.9300000e+003
  3.5683838e+001  2.8970000e+003
  3.6085757e+001  2.8960000e+003
  3.6804541e+001  2.8440000e+003
