  3.1665076e+001  6.6460000e+003
  3.1752054e+001  6.3930000e+003
  3.1867106e+001  6.3890000e+003
  3.1936547e+001  5.9830000e+003
  3.2267563e+001  5.5010000e+003
  3.2812332e+001  4.6310000e+003
  3.2994416e+001  4.6120000e+003
  3.2996022e+001  4.5840000e+003
  3.3086992e+001  4.4480000e+003
  3.3097855e+001  4.3070000e+003
  3.3149720e+001  4.2050000e+003
  3.3405609e+001  4.1770000e+003
  3.3429417e+001  4.1450000e+003
  3.3504898e+001  4.0410000e+003
  3.3602941e+001  4.0370000e+003
  3.3623322e+001  4.0300000e+003
  3.3682318e+001  3.8190000e+003
  3.3753764e+001  3.6160000e+003
  3.4119713e+001  3.6130000e+003
  3.4260104e+001  3.4880000e+003
  3.4582051e+001  3.0830000e+003
  3.4606505e+001  3.0230000e+003
  3.4769087e+001  2.9400000e+003
  3.5533376e+001  2.9310000e+003
  3.5696526e+001  2.9000000e+003
  3.6444410e+001  2.8950000e+003
