  3.1493097e+001  6.5050000e+003
  3.1631265e+001  6.4220000e+003
  3.1769753e+001  6.1860000e+003
  3.2108367e+001  5.7690000e+003
  3.2262640e+001  4.9980000e+003
  3.2671092e+001  4.7230000e+003
  3.2875738e+001  4.6530000e+003
  3.2899283e+001  4.6370000e+003
  3.2958484e+001  4.6100000e+003
  3.2978098e+001  4.3860000e+003
  3.3104465e+001  4.3260000e+003
  3.3105267e+001  4.2000000e+003
  3.3289837e+001  4.0990000e+003
  3.3388222e+001  4.0810000e+003
  3.3504090e+001  3.8330000e+003
  3.3600108e+001  3.7060000e+003
  3.3930303e+001  3.5930000e+003
  3.4109045e+001  3.4970000e+003
  3.4227609e+001  3.4560000e+003
  3.4335185e+001  3.3420000e+003
  3.4564730e+001  3.0650000e+003
  3.4968234e+001  2.9450000e+003
  3.5304096e+001  2.9260000e+003
  3.6223698e+001  2.8780000e+003
