  3.1558187e+001  6.7300000e+003
  3.1604058e+001  6.2540000e+003
  3.1888126e+001  6.0360000e+003
  3.2723863e+001  4.6960000e+003
  3.3000669e+001  4.6940000e+003
  3.3038590e+001  4.3130000e+003
  3.3103651e+001  4.2120000e+003
  3.3226515e+001  4.1390000e+003
  3.3348047e+001  4.1270000e+003
  3.3445218e+001  3.9630000e+003
  3.3466731e+001  3.8920000e+003
  3.3773970e+001  3.7660000e+003
  3.3932378e+001  3.6880000e+003
  3.4032244e+001  3.5820000e+003
  3.4299457e+001  3.2630000e+003
  3.4481086e+001  3.0190000e+003
  3.5670582e+001  2.9220000e+003
  3.6077139e+001  2.8960000e+003
