  3.1510568e+001  6.5530000e+003
  3.1612293e+001  6.4790000e+003
  3.1906493e+001  6.0550000e+003
  3.2683600e+001  4.6020000e+003
  3.2856113e+001  4.4220000e+003
  3.3053756e+001  4.4030000e+003
  3.3088343e+001  4.4010000e+003
  3.3130079e+001  4.3870000e+003
  3.3167939e+001  4.2950000e+003
  3.3206211e+001  4.2110000e+003
  3.3237466e+001  4.1980000e+003
  3.3290154e+001  4.1770000e+003
  3.3304077e+001  3.9160000e+003
  3.3397758e+001  3.8860000e+003
  3.3460643e+001  3.7760000e+003
  3.3474712e+001  3.6840000e+003
  3.3958258e+001  3.6750000e+003
  3.3977490e+001  3.5660000e+003
  3.4032818e+001  3.3580000e+003
  3.4267958e+001  3.3100000e+003
  3.5554885e+001  2.9120000e+003
  3.5845491e+001  2.9070000e+003
  3.6915907e+001  2.8300000e+003
