  3.1444832e+001  6.6650000e+003
  3.1783215e+001  5.9340000e+003
  3.2649023e+001  5.0150000e+003
  3.2714894e+001  4.5880000e+003
  3.2938673e+001  4.5520000e+003
  3.2955373e+001  4.4390000e+003
  3.3228571e+001  4.4000000e+003
  3.3276490e+001  4.3980000e+003
  3.3332866e+001  4.1450000e+003
  3.3621350e+001  4.1350000e+003
  3.3634244e+001  4.0420000e+003
  3.3654787e+001  4.0410000e+003
  3.3679209e+001  3.9060000e+003
  3.3776718e+001  3.8870000e+003
  3.3815525e+001  3.8370000e+003
  3.3907586e+001  3.6610000e+003
  3.4006042e+001  3.5000000e+003
  3.4152517e+001  3.3200000e+003
  3.4465162e+001  3.0990000e+003
  3.4682726e+001  3.0270000e+003
  3.4926318e+001  3.0000000e+003
  3.5324869e+001  2.9710000e+003
  3.5371260e+001  2.9530000e+003
  3.5418086e+001  2.9400000e+003
  3.8346559e+001  2.8920000e+003
