31.4448 6665
31.4931 6505
31.6041 6254
31.7698 6186
31.7832 5934
31.8118 5897
31.9706 5883
32.1084 5769
32.1313 5673
32.1471 5536
32.2375 5071
32.2626 4998
32.5554 4850
32.5905 4811
32.6711 4723
32.6836 4602
32.7123 4463
32.8561 4422
32.891 4397
32.8961 4354
32.9497 4323
33.0386 4313
33.0459 4289
33.092 4258
33.1036 4212
33.1053 4200
33.1426 3983
33.1601 3974
33.3041 3916
33.3511 3907
33.3978 3886
33.4271 3866
33.4606 3776
33.4747 3684
33.4953 3647
33.5207 3644
33.733 3564
33.7525 3540
33.7553 3532
33.8346 3485
33.9276 3435
34.0328 3358
34.1525 3320
34.1864 3094
34.3103 3073
34.3422 3039
34.4811 3019
34.5101 2968
34.7691 2940
34.9377 2917
35.5549 2912
35.5697 2880
35.8004 2864
36.7785 2848
36.8045 2844
36.9159 2830
