  1.6261924e+001  7.1900000e+002
  1.6304302e+001  6.9300000e+002
  1.6371902e+001  6.6900000e+002
  1.6398410e+001  6.6300000e+002
  1.7172872e+001  4.9900000e+002
  1.7487959e+001  4.4300000e+002
  1.7796586e+001  3.9700000e+002
  1.7818272e+001  3.6800000e+002
  1.8547229e+001  3.5100000e+002
  1.8801438e+001  3.3800000e+002
  1.9061053e+001  3.2900000e+002
  1.9068769e+001  3.2200000e+002
  1.9381664e+001  3.2100000e+002
  1.9515373e+001  3.0700000e+002
  1.9655132e+001  3.0200000e+002
  1.9767536e+001  2.8400000e+002
  1.9963497e+001  2.7900000e+002
  2.0111731e+001  2.7300000e+002
  2.0448825e+001  2.6400000e+002
  2.0870850e+001  2.5600000e+002
  2.0962006e+001  2.5200000e+002
  2.1146686e+001  2.4200000e+002
  2.1362491e+001  2.3700000e+002
  2.1370119e+001  2.1700000e+002
  2.1955343e+001  2.1100000e+002
  2.2696458e+001  2.0600000e+002
  2.3084843e+001  1.8100000e+002
  2.6699614e+001  1.4200000e+002
  3.0195990e+001  1.2700000e+002
  3.0469488e+001  1.2300000e+002
  3.3154372e+001  1.2100000e+002
  3.4154489e+001  1.1900000e+002
  3.4735855e+001  1.1700000e+002
