  1.6072013e+001  7.3800000e+002
  1.6141922e+001  7.2900000e+002
  1.6562748e+001  6.3200000e+002
  1.7405600e+001  4.5700000e+002
  1.7937456e+001  4.0400000e+002
  1.8141045e+001  3.8700000e+002
  1.8569967e+001  3.5900000e+002
  1.8706979e+001  3.5300000e+002
  1.8757570e+001  3.5100000e+002
  1.8788199e+001  3.2100000e+002
  1.9260872e+001  3.1900000e+002
  1.9365151e+001  3.0400000e+002
  1.9524287e+001  2.8900000e+002
  2.0041764e+001  2.8400000e+002
  2.0065525e+001  2.6800000e+002
  2.0183248e+001  2.5400000e+002
  2.0412497e+001  2.4500000e+002
  2.1316694e+001  2.1800000e+002
  2.2635054e+001  2.1000000e+002
  2.2764788e+001  2.0700000e+002
  2.3269494e+001  2.0400000e+002
  2.3427110e+001  2.0100000e+002
  2.5304682e+001  1.6000000e+002
  2.8248363e+001  1.3100000e+002
  3.0141688e+001  1.2600000e+002
  3.1032704e+001  1.1500000e+002
