  1.6210486e+001  7.3300000e+002
  1.6216828e+001  7.2800000e+002
  1.6442278e+001  6.6500000e+002
  1.6486848e+001  5.7400000e+002
  1.7718640e+001  4.0600000e+002
  1.7932195e+001  3.9800000e+002
  1.7941723e+001  3.9000000e+002
  1.8239303e+001  3.7200000e+002
  1.8352642e+001  3.5500000e+002
  1.8783142e+001  3.4200000e+002
  1.8802724e+001  3.3400000e+002
  1.8802870e+001  3.3000000e+002
  1.9044453e+001  3.2700000e+002
  1.9068886e+001  3.2600000e+002
  1.9142506e+001  3.0700000e+002
  1.9426409e+001  3.0500000e+002
  1.9538841e+001  2.9100000e+002
  1.9758885e+001  2.8100000e+002
  2.0463263e+001  2.7400000e+002
  2.0507248e+001  2.7200000e+002
  2.0570289e+001  2.6800000e+002
  2.0892039e+001  2.5300000e+002
  2.1052665e+001  2.4700000e+002
  2.1113105e+001  2.2700000e+002
  2.2588730e+001  1.9600000e+002
  2.3415274e+001  1.9500000e+002
  2.3643442e+001  1.8300000e+002
  2.4013473e+001  1.7200000e+002
  2.4464315e+001  1.7000000e+002
  2.6629676e+001  1.3600000e+002
  3.0378361e+001  1.2100000e+002
  3.1211392e+001  1.1600000e+002
  3.8065583e+001  1.1200000e+002
