  1.6074439e+001  7.6900000e+002
  1.6264584e+001  7.5700000e+002
  1.6279285e+001  7.1800000e+002
  1.7014730e+001  5.0900000e+002
  1.7515578e+001  4.6300000e+002
  1.7654401e+001  4.0200000e+002
  1.8071107e+001  3.9800000e+002
  1.8220277e+001  3.8000000e+002
  1.8425707e+001  3.5900000e+002
  1.8527093e+001  3.5700000e+002
  1.8538111e+001  3.3500000e+002
  1.8697568e+001  3.3200000e+002
  1.8860738e+001  3.2600000e+002
  1.9337532e+001  3.0200000e+002
  1.9493687e+001  2.8500000e+002
  2.0041063e+001  2.7900000e+002
  2.0323854e+001  2.5000000e+002
  2.0396043e+001  2.4200000e+002
  2.0914777e+001  2.3900000e+002
  2.1211655e+001  2.3300000e+002
  2.1617430e+001  2.2000000e+002
  2.2221768e+001  2.1600000e+002
  2.2234452e+001  2.0800000e+002
  2.2790303e+001  2.0500000e+002
  2.3716653e+001  1.6600000e+002
  2.6280424e+001  1.3100000e+002
  2.8233400e+001  1.1900000e+002
  3.1270108e+001  1.1500000e+002
