  1.6272679e+001  6.5000000e+002
  1.6634937e+001  6.1900000e+002
  1.6740326e+001  6.1000000e+002
  1.6945084e+001  5.4000000e+002
  1.7846972e+001  4.0900000e+002
  1.8002543e+001  4.0100000e+002
  1.8050561e+001  3.9400000e+002
  1.8099924e+001  3.8900000e+002
  1.8289689e+001  3.8300000e+002
  1.8358400e+001  3.6800000e+002
  1.8484569e+001  3.4500000e+002
  1.8564736e+001  3.4300000e+002
  1.9076748e+001  3.4200000e+002
  1.9088409e+001  3.1400000e+002
  1.9425064e+001  3.0900000e+002
  1.9489742e+001  2.6900000e+002
  2.0372399e+001  2.6400000e+002
  2.0945552e+001  2.5600000e+002
  2.1021189e+001  2.5400000e+002
  2.1042290e+001  2.3900000e+002
  2.1265051e+001  2.2700000e+002
  2.1729892e+001  2.2600000e+002
  2.1748276e+001  2.2500000e+002
  2.1886632e+001  2.2000000e+002
  2.2493161e+001  2.1200000e+002
  2.2586889e+001  2.0700000e+002
  2.2763649e+001  1.9800000e+002
  2.5323445e+001  1.5800000e+002
  2.5794219e+001  1.3400000e+002
  2.6402765e+001  1.3200000e+002
  3.0197422e+001  1.2600000e+002
  3.1762392e+001  1.1800000e+002
  3.3453618e+001  1.1600000e+002
  3.3659195e+001  1.1500000e+002
