  1.6241934e+001  7.4200000e+002
  1.6243220e+001  7.3600000e+002
  1.6330693e+001  6.4100000e+002
  1.7339929e+001  4.7200000e+002
  1.7540887e+001  4.5000000e+002
  1.7910130e+001  4.0900000e+002
  1.8189239e+001  4.0500000e+002
  1.8201163e+001  4.0200000e+002
  1.8379442e+001  4.0100000e+002
  1.8381050e+001  3.9300000e+002
  1.8395838e+001  3.5300000e+002
  1.8795008e+001  3.2100000e+002
  1.9096212e+001  3.1500000e+002
  1.9633651e+001  2.9800000e+002
  1.9838643e+001  2.9300000e+002
  1.9907383e+001  2.8900000e+002
  2.0099807e+001  2.7200000e+002
  2.0674012e+001  2.7000000e+002
  2.0716361e+001  2.4500000e+002
  2.1141980e+001  2.2000000e+002
  2.2138736e+001  2.0900000e+002
  2.2366963e+001  2.0700000e+002
  2.2681874e+001  1.9100000e+002
  2.3276333e+001  1.8900000e+002
  2.3959639e+001  1.5400000e+002
  2.8425883e+001  1.2600000e+002
  2.8532178e+001  1.2100000e+002
  3.1480155e+001  1.1300000e+002
  3.6086392e+001  1.1200000e+002
