  1.6186316e+001  7.6100000e+002
  1.6254968e+001  7.4800000e+002
  1.6301000e+001  7.3100000e+002
  1.6348989e+001  6.4600000e+002
  1.6553191e+001  6.3600000e+002
  1.6924188e+001  5.2700000e+002
  1.7014993e+001  4.8200000e+002
  1.7434154e+001  4.4200000e+002
  1.8041881e+001  4.0300000e+002
  1.8197802e+001  3.9000000e+002
  1.8209785e+001  3.8700000e+002
  1.8305237e+001  3.8100000e+002
  1.8427022e+001  3.7300000e+002
  1.8502513e+001  3.6500000e+002
  1.8570493e+001  3.1000000e+002
  1.9292115e+001  3.0400000e+002
  1.9600859e+001  3.0300000e+002
  1.9809855e+001  2.9900000e+002
  1.9840689e+001  2.9100000e+002
  2.0174246e+001  2.7100000e+002
  2.0190262e+001  2.6000000e+002
  2.0242606e+001  2.5900000e+002
  2.0430413e+001  2.5300000e+002
  2.0660627e+001  2.2900000e+002
  2.1617723e+001  2.2000000e+002
  2.2139905e+001  1.9600000e+002
  2.3353314e+001  1.8000000e+002
  2.9268909e+001  1.2600000e+002
  2.9803601e+001  1.2200000e+002
  3.3192805e+001  1.1900000e+002
  3.5827858e+001  1.1300000e+002
  3.6617693e+001  1.1200000e+002
