  1.6190087e+001  7.4600000e+002
  1.6276011e+001  6.6500000e+002
  1.6621288e+001  6.2700000e+002
  1.6697861e+001  6.1000000e+002
  1.7271306e+001  5.0000000e+002
  1.7334142e+001  4.8400000e+002
  1.7605214e+001  4.5500000e+002
  1.7846212e+001  4.0000000e+002
  1.8060936e+001  3.8200000e+002
  1.8392945e+001  3.3000000e+002
  1.9008856e+001  2.9600000e+002
  1.9118103e+001  2.9200000e+002
  1.9613426e+001  2.8000000e+002
  2.0103548e+001  2.7700000e+002
  2.0114946e+001  2.6600000e+002
  2.0313362e+001  2.3600000e+002
  2.0970394e+001  2.3200000e+002
  2.1342267e+001  2.3000000e+002
  2.1630524e+001  2.2600000e+002
  2.2456658e+001  2.0100000e+002
  2.2837561e+001  1.8800000e+002
  2.3631868e+001  1.8400000e+002
  2.4296323e+001  1.7900000e+002
  2.4501929e+001  1.7700000e+002
  2.7946721e+001  1.2400000e+002
  3.0442775e+001  1.2100000e+002
  3.1453472e+001  1.1900000e+002
  3.4257862e+001  1.1700000e+002
