  1.6214783e+001  6.9300000e+002
  1.6608049e+001  6.0500000e+002
  1.6711655e+001  5.8000000e+002
  1.7516191e+001  4.6400000e+002
  1.7643792e+001  4.4600000e+002
  1.7666296e+001  4.2700000e+002
  1.7851385e+001  4.2400000e+002
  1.7937807e+001  4.0000000e+002
  1.8140314e+001  3.9400000e+002
  1.8197188e+001  3.6900000e+002
  1.8531097e+001  3.4700000e+002
  1.8712737e+001  3.3600000e+002
  1.9178893e+001  3.3200000e+002
  1.9327449e+001  3.2700000e+002
  1.9504033e+001  3.2600000e+002
  1.9533522e+001  3.2400000e+002
  1.9538666e+001  3.0900000e+002
  1.9638386e+001  2.9600000e+002
  1.9755553e+001  2.8200000e+002
  2.0051116e+001  2.7600000e+002
  2.0126900e+001  2.6200000e+002
  2.0206161e+001  2.3900000e+002
  2.1460808e+001  2.1700000e+002
  2.1818740e+001  2.1500000e+002
  2.1955576e+001  2.1100000e+002
  2.2705664e+001  2.1000000e+002
  2.2895254e+001  1.7900000e+002
  2.4571925e+001  1.5600000e+002
  2.9188684e+001  1.2100000e+002
  3.2396072e+001  1.1100000e+002
