  1.6111088e+001  7.2200000e+002
  1.6324790e+001  6.9500000e+002
  1.7202654e+001  5.1400000e+002
  1.7460545e+001  4.7500000e+002
  1.7754910e+001  4.4400000e+002
  1.7860621e+001  4.4000000e+002
  1.7868570e+001  4.3000000e+002
  1.7945961e+001  4.2400000e+002
  1.8005261e+001  4.0700000e+002
  1.8062076e+001  3.7500000e+002
  1.8224690e+001  3.7100000e+002
  1.8619652e+001  3.6900000e+002
  1.8666296e+001  3.2000000e+002
  1.9193535e+001  3.0800000e+002
  1.9484130e+001  2.9000000e+002
  1.9958353e+001  2.8900000e+002
  2.0025193e+001  2.6500000e+002
  2.0623802e+001  2.4900000e+002
  2.0643471e+001  2.4500000e+002
  2.0962298e+001  2.4000000e+002
  2.1030921e+001  2.3700000e+002
  2.1048340e+001  2.3300000e+002
  2.1279168e+001  2.2100000e+002
  2.1935264e+001  2.1800000e+002
  2.2418693e+001  2.0000000e+002
  2.2897329e+001  1.9900000e+002
  2.3935060e+001  1.8000000e+002
  2.4529285e+001  1.5800000e+002
  3.1032061e+001  1.2300000e+002
  3.2914601e+001  1.1500000e+002
