  1.6202098e+001  7.7600000e+002
  1.6217968e+001  7.1800000e+002
  1.6435323e+001  6.5800000e+002
  1.6447159e+001  6.5000000e+002
  1.6491787e+001  6.2100000e+002
  1.6586451e+001  5.9600000e+002
  1.7563888e+001  4.5600000e+002
  1.7975976e+001  4.0100000e+002
  1.8183628e+001  3.8300000e+002
  1.8248831e+001  3.6500000e+002
  1.8678104e+001  3.5300000e+002
  1.8867460e+001  3.1700000e+002
  1.9430471e+001  2.9500000e+002
  2.0098375e+001  2.9200000e+002
  2.0180150e+001  2.7100000e+002
  2.0216828e+001  2.6600000e+002
  2.0284019e+001  2.6100000e+002
  2.0350947e+001  2.5400000e+002
  2.0587357e+001  2.5100000e+002
  2.0621960e+001  2.3900000e+002
  2.1419278e+001  2.1100000e+002
  2.1786913e+001  2.0900000e+002
  2.2091010e+001  1.8400000e+002
  2.5531389e+001  1.5300000e+002
  2.5539572e+001  1.5100000e+002
  2.6930091e+001  1.4000000e+002
  2.9603256e+001  1.1700000e+002
  3.3040683e+001  1.1400000e+002
