  1.6176146e+001  7.3200000e+002
  1.6358370e+001  6.5500000e+002
  1.6783610e+001  5.7400000e+002
  1.7242898e+001  4.8600000e+002
  1.7713935e+001  4.4000000e+002
  1.7988923e+001  4.2800000e+002
  1.8229074e+001  3.7900000e+002
  1.8441080e+001  3.6400000e+002
  1.8512129e+001  3.5700000e+002
  1.8820230e+001  3.5500000e+002
  1.8829787e+001  3.2000000e+002
  1.9352321e+001  2.7000000e+002
  2.0109802e+001  2.5500000e+002
  2.1186316e+001  2.4100000e+002
  2.1459726e+001  2.3800000e+002
  2.1835603e+001  2.3700000e+002
  2.1881664e+001  2.1700000e+002
  2.2213672e+001  2.1600000e+002
  2.2793138e+001  1.9900000e+002
  2.3858516e+001  1.8900000e+002
  2.4461918e+001  1.7200000e+002
  2.6566606e+001  1.3900000e+002
  2.9461422e+001  1.2100000e+002
  3.7656213e+001  1.1900000e+002
