  1.6274433e+001  7.1900000e+002
  1.6411094e+001  6.8800000e+002
  1.6744067e+001  6.0300000e+002
  1.7041530e+001  5.4100000e+002
  1.7141863e+001  4.9800000e+002
  1.7360270e+001  4.8700000e+002
  1.8006108e+001  4.2300000e+002
  1.8035393e+001  3.8800000e+002
  1.8362433e+001  3.7100000e+002
  1.8461042e+001  3.5800000e+002
  1.8632920e+001  3.5500000e+002
  1.8938333e+001  3.4600000e+002
  1.8993161e+001  3.4400000e+002
  1.8997750e+001  3.4300000e+002
  1.9086538e+001  3.4200000e+002
  1.9192074e+001  3.1900000e+002
  1.9377367e+001  3.0300000e+002
  1.9763619e+001  3.0100000e+002
  1.9917904e+001  2.9200000e+002
  2.0130027e+001  2.8700000e+002
  2.0140081e+001  2.6900000e+002
  2.0494096e+001  2.5500000e+002
  2.0689677e+001  2.5200000e+002
  2.0924947e+001  2.4600000e+002
  2.1001432e+001  2.3700000e+002
  2.1450783e+001  2.1500000e+002
  2.2170856e+001  2.0100000e+002
  2.3169833e+001  1.8700000e+002
  2.3730214e+001  1.8100000e+002
  2.5094430e+001  1.5300000e+002
  2.8531681e+001  1.2600000e+002
  3.0083528e+001  1.2100000e+002
  3.3642331e+001  1.1700000e+002
  3.4302636e+001  1.1500000e+002
