  1.6198591e+001  7.5200000e+002
  1.6250351e+001  7.3200000e+002
  1.6321516e+001  7.1500000e+002
  1.6364829e+001  6.1300000e+002
  1.6801496e+001  5.3500000e+002
  1.7136047e+001  4.7500000e+002
  1.7588555e+001  4.1800000e+002
  1.7893939e+001  3.9000000e+002
  1.8152706e+001  3.7600000e+002
  1.8265694e+001  3.6500000e+002
  1.8509206e+001  3.5600000e+002
  1.8594926e+001  3.4700000e+002
  1.8841828e+001  3.3800000e+002
  1.8985738e+001  2.9000000e+002
  1.9734043e+001  2.5400000e+002
  2.0388006e+001  2.5200000e+002
  2.0590221e+001  2.4100000e+002
  2.0602788e+001  2.3700000e+002
  2.0887012e+001  2.3100000e+002
  2.1691869e+001  2.1600000e+002
  2.2088964e+001  2.1300000e+002
  2.2205518e+001  2.0900000e+002
  2.2677373e+001  2.0100000e+002
  2.3322042e+001  1.9500000e+002
  2.3611819e+001  1.7200000e+002
  2.6600362e+001  1.3300000e+002
  2.9681903e+001  1.2600000e+002
  3.1536620e+001  1.1900000e+002
  3.4361322e+001  1.1600000e+002
