  1.6138765e+001  7.5600000e+002
  1.6241174e+001  7.3900000e+002
  1.6345102e+001  7.3500000e+002
  1.6454466e+001  6.3200000e+002
  1.7434563e+001  4.6600000e+002
  1.7470978e+001  4.5800000e+002
  1.7875994e+001  4.2500000e+002
  1.7975888e+001  4.2200000e+002
  1.8005261e+001  4.0600000e+002
  1.8187281e+001  4.0100000e+002
  1.8220160e+001  3.9400000e+002
  1.8235533e+001  3.8700000e+002
  1.8294014e+001  3.8000000e+002
  1.8341595e+001  3.4500000e+002
  1.8552987e+001  3.4400000e+002
  1.8625234e+001  3.2300000e+002
  1.9514701e+001  3.2200000e+002
  1.9515461e+001  3.2100000e+002
  1.9536474e+001  3.1500000e+002
  1.9636223e+001  3.1200000e+002
  1.9652560e+001  2.9900000e+002
  1.9792992e+001  2.8900000e+002
  1.9848726e+001  2.8500000e+002
  1.9927402e+001  2.8300000e+002
  2.0140665e+001  2.6200000e+002
  2.0297288e+001  2.6000000e+002
  2.0409954e+001  2.5700000e+002
  2.0734861e+001  2.5400000e+002
  2.0880874e+001  2.5100000e+002
  2.1030483e+001  2.3000000e+002
  2.1200608e+001  2.0900000e+002
  2.1787848e+001  2.0800000e+002
  2.3186083e+001  1.9800000e+002
  2.3698621e+001  1.8200000e+002
  2.4807663e+001  1.6600000e+002
  2.7739800e+001  1.2200000e+002
  3.4932429e+001  1.1500000e+002
