  1.6180676e+001  7.3800000e+002
  1.6302841e+001  7.3500000e+002
  1.6466215e+001  6.6300000e+002
  1.6603256e+001  6.5600000e+002
  1.6726561e+001  5.8900000e+002
  1.7448211e+001  4.5600000e+002
  1.7567892e+001  4.3700000e+002
  1.7712824e+001  4.2700000e+002
  1.8061141e+001  4.0200000e+002
  1.8200082e+001  3.8900000e+002
  1.8426701e+001  3.7600000e+002
  1.8443652e+001  3.5300000e+002
  1.8464052e+001  3.4200000e+002
  1.8895166e+001  3.0200000e+002
  1.9554653e+001  2.8400000e+002
  1.9887830e+001  2.8200000e+002
  2.0063684e+001  2.7600000e+002
  2.0275953e+001  2.5100000e+002
  2.0929214e+001  2.4000000e+002
  2.0960662e+001  2.3800000e+002
  2.0996259e+001  2.3400000e+002
  2.1070289e+001  2.2200000e+002
  2.2543255e+001  2.1000000e+002
  2.3330664e+001  1.7600000e+002
  2.4623422e+001  1.7200000e+002
  2.5415011e+001  1.4700000e+002
  2.7300795e+001  1.4000000e+002
  2.9107610e+001  1.3800000e+002
  3.2493015e+001  1.2200000e+002
  3.2943915e+001  1.1700000e+002
  3.7344342e+001  1.1600000e+002
