  1.6257336e+001  7.2200000e+002
  1.6626374e+001  6.3000000e+002
  1.6817395e+001  5.8600000e+002
  1.7701923e+001  4.1100000e+002
  1.7823767e+001  3.9600000e+002
  1.8133680e+001  3.8600000e+002
  1.8203940e+001  3.7800000e+002
  1.8445260e+001  3.6800000e+002
  1.8538052e+001  3.3800000e+002
  1.8991115e+001  3.3200000e+002
  1.9055413e+001  3.2500000e+002
  1.9205459e+001  3.2300000e+002
  1.9324965e+001  2.8900000e+002
  1.9534779e+001  2.8000000e+002
  2.0020254e+001  2.6900000e+002
  2.0889555e+001  2.5200000e+002
  2.1076602e+001  2.4700000e+002
  2.1379033e+001  2.3300000e+002
  2.1428747e+001  2.2900000e+002
  2.1733312e+001  2.2300000e+002
  2.1767156e+001  2.1900000e+002
  2.2537380e+001  2.0700000e+002
  2.2777531e+001  1.9900000e+002
  2.2826660e+001  1.9600000e+002
  2.3674158e+001  1.8700000e+002
  2.3799860e+001  1.7700000e+002
  2.5460457e+001  1.5600000e+002
  3.0341448e+001  1.2500000e+002
  3.1439473e+001  1.2100000e+002
  3.2493073e+001  1.1900000e+002
  3.3573153e+001  1.1300000e+002
