  1.6214227e+001  7.5500000e+002
  1.6574468e+001  6.0500000e+002
  1.6785393e+001  5.5300000e+002
  1.7433335e+001  4.5800000e+002
  1.7734452e+001  4.4500000e+002
  1.7856704e+001  4.1300000e+002
  1.7866291e+001  3.8400000e+002
  1.8489186e+001  3.5700000e+002
  1.8502309e+001  3.5400000e+002
  1.8607903e+001  3.4200000e+002
  1.8905249e+001  3.0900000e+002
  1.9537146e+001  2.8100000e+002
  1.9802402e+001  2.7900000e+002
  2.0034691e+001  2.7100000e+002
  2.0116992e+001  2.5900000e+002
  2.0584259e+001  2.5000000e+002
  2.0977204e+001  2.3400000e+002
  2.1273410e+001  2.2900000e+002
  2.1351882e+001  2.1800000e+002
  2.1985387e+001  2.1600000e+002
  2.2161065e+001  1.9300000e+002
  2.4468553e+001  1.7600000e+002
  2.4691606e+001  1.7200000e+002
  2.4963204e+001  1.4700000e+002
  2.9111556e+001  1.2200000e+002
  3.1222498e+001  1.1500000e+002
  3.4628887e+001  1.1100000e+002
