  1.6053805e+001  7.5900000e+002
  1.6342150e+001  7.2100000e+002
  1.6536386e+001  6.3700000e+002
  1.6742255e+001  6.0700000e+002
  1.7170476e+001  4.7500000e+002
  1.7831336e+001  4.0600000e+002
  1.8182254e+001  3.7500000e+002
  1.8409662e+001  3.7400000e+002
  1.8542027e+001  3.5500000e+002
  1.8863631e+001  3.5400000e+002
  1.8888619e+001  3.3600000e+002
  1.8974661e+001  2.9400000e+002
  1.9834434e+001  2.9000000e+002
  1.9885375e+001  2.8500000e+002
  1.9955372e+001  2.7800000e+002
  2.0327157e+001  2.7700000e+002
  2.0444675e+001  2.6100000e+002
  2.0696575e+001  2.5700000e+002
  2.0761661e+001  2.4000000e+002
  2.1763356e+001  2.3000000e+002
  2.1852934e+001  2.2300000e+002
  2.2274755e+001  2.1900000e+002
  2.2594283e+001  2.1700000e+002
  2.3419102e+001  1.7000000e+002
  2.3933657e+001  1.6300000e+002
  2.6105214e+001  1.3600000e+002
  2.8208382e+001  1.2000000e+002
  3.1185966e+001  1.1700000e+002
