  1.6114128e+001  7.6100000e+002
  1.6115268e+001  7.4400000e+002
  1.6341536e+001  6.5100000e+002
  1.7604980e+001  4.4700000e+002
  1.7870791e+001  4.3300000e+002
  1.8040186e+001  4.1400000e+002
  1.8112637e+001  4.1200000e+002
  1.8216332e+001  3.9700000e+002
  1.8294102e+001  3.8400000e+002
  1.8350099e+001  3.8300000e+002
  1.8456044e+001  3.7000000e+002
  1.8542875e+001  3.5000000e+002
  1.8702332e+001  3.3300000e+002
  1.8787000e+001  3.2900000e+002
  1.9196487e+001  3.1600000e+002
  1.9564853e+001  3.0800000e+002
  1.9642273e+001  2.8600000e+002
  1.9765110e+001  2.8000000e+002
  2.0071896e+001  2.7200000e+002
  2.0100187e+001  2.5400000e+002
  2.0964666e+001  2.4400000e+002
  2.1190759e+001  2.4300000e+002
  2.1221826e+001  2.2100000e+002
  2.2231588e+001  2.1500000e+002
  2.2610270e+001  2.1300000e+002
  2.3019348e+001  2.0500000e+002
  2.3168985e+001  1.8300000e+002
  2.6458353e+001  1.3800000e+002
  3.0546674e+001  1.2500000e+002
  3.3804477e+001  1.1600000e+002
