16.0538 759
16.072 738
16.1111 722
16.2148 693
16.2727 650
16.3307 641
16.3648 613
16.4868 574
16.7854 553
16.8015 535
16.9242 527
17.0147 509
17.015 482
17.136 475
17.3399 472
17.4056 457
17.4342 442
17.5679 437
17.5886 418
17.6544 402
17.7966 397
17.8183 368
18.2488 365
18.3416 345
18.3929 330
18.5705 310
18.8952 302
18.9747 294
18.9857 290
19.325 289
19.3523 270
19.4897 269
19.734 254
20.2062 239
20.3134 236
20.6606 229
21.0703 222
21.142 220
21.2006 209
21.7878 208
22.091 184
22.8953 179
23.3307 176
23.4191 170
23.7167 166
23.9337 163
23.9596 154
24.9632 147
25.7942 134
26.2804 131
27.7398 122
28.2084 120
28.2334 119
29.6033 117
31.0327 115
31.4802 113
32.3961 111
