  1.0447656e+001  2.4500000e+002
  1.0478484e+001  2.0400000e+002
  1.0521516e+001  1.8700000e+002
  1.0563263e+001  1.8600000e+002
  1.0756583e+001  1.7500000e+002
  1.0762364e+001  1.7000000e+002
  1.0800899e+001  1.6000000e+002
  1.0847784e+001  1.5300000e+002
  1.0947335e+001  1.4700000e+002
  1.1181760e+001  1.3800000e+002
  1.1213873e+001  1.3500000e+002
  1.1341683e+001  1.2800000e+002
  1.1558767e+001  1.1200000e+002
  1.1910083e+001  1.1100000e+002
  1.2072575e+001  1.0700000e+002
  1.2133590e+001  9.1000000e+001
  1.2423892e+001  8.8000000e+001
  1.2425819e+001  8.7000000e+001
  1.2673732e+001  8.5000000e+001
  1.2845215e+001  7.6000000e+001
  1.3441233e+001  7.0000000e+001
  1.3838150e+001  6.6000000e+001
  1.4514451e+001  6.5000000e+001
