  1.0439949e+001  1.8100000e+002
  1.0671162e+001  1.6300000e+002
  1.0840077e+001  1.5900000e+002
  1.0910726e+001  1.5300000e+002
  1.0926140e+001  1.4100000e+002
  1.1085421e+001  1.3300000e+002
  1.1096981e+001  1.2900000e+002
  1.1388568e+001  1.1800000e+002
  1.1688504e+001  1.1300000e+002
  1.1800899e+001  1.0600000e+002
  1.2132948e+001  1.0100000e+002
  1.2184971e+001  9.6000000e+001
  1.2618497e+001  8.7000000e+001
  1.2864483e+001  8.3000000e+001
  1.2920360e+001  7.9000000e+001
  1.3175337e+001  7.6000000e+001
  1.3382145e+001  7.3000000e+001
  1.3626846e+001  7.2000000e+001
  1.3883109e+001  7.0000000e+001
  1.3967245e+001  6.9000000e+001
  1.4059730e+001  6.8000000e+001
  1.4260116e+001  6.7000000e+001
  1.4813744e+001  6.6000000e+001
  1.5755299e+001  6.4000000e+001
