  1.0368658e+001  1.6500000e+002
  1.0862556e+001  1.5100000e+002
  1.0980090e+001  1.5000000e+002
  1.1043031e+001  1.4900000e+002
  1.1146435e+001  1.4700000e+002
  1.1209377e+001  1.4100000e+002
  1.1210019e+001  1.3800000e+002
  1.1324342e+001  1.2700000e+002
  1.1443802e+001  1.1800000e+002
  1.1606294e+001  1.1500000e+002
  1.1748876e+001  1.1200000e+002
  1.1778420e+001  1.1100000e+002
  1.1845215e+001  1.0600000e+002
  1.1850996e+001  1.0500000e+002
  1.2240206e+001  9.2000000e+001
  1.2460501e+001  7.9000000e+001
  1.3158638e+001  7.4000000e+001
  1.3449583e+001  7.3000000e+001
  1.3798330e+001  7.0000000e+001
  1.4048170e+001  6.9000000e+001
  1.4208735e+001  6.6000000e+001
  1.5130379e+001  6.3000000e+001
