  1.0534361e+001  2.2300000e+002
  1.0545279e+001  2.1100000e+002
  1.0667951e+001  2.0000000e+002
  1.0771355e+001  1.6900000e+002
  1.0826590e+001  1.6700000e+002
  1.0868337e+001  1.5700000e+002
  1.0919717e+001  1.4800000e+002
  1.0959538e+001  1.4200000e+002
  1.1167630e+001  1.4100000e+002
  1.1207450e+001  1.3300000e+002
  1.1345536e+001  1.2700000e+002
  1.1357097e+001  1.2100000e+002
  1.1459859e+001  1.1300000e+002
  1.1870263e+001  1.1100000e+002
  1.1875401e+001  1.0900000e+002
  1.2046885e+001  1.0400000e+002
  1.2125883e+001  1.0300000e+002
  1.2251766e+001  1.0000000e+002
  1.2470777e+001  9.3000000e+001
  1.2493256e+001  8.8000000e+001
  1.2584457e+001  8.6000000e+001
  1.2776493e+001  8.2000000e+001
  1.2865125e+001  7.3000000e+001
  1.3682723e+001  7.0000000e+001
  1.4226718e+001  6.4000000e+001
