  1.0381503e+001  2.3200000e+002
  1.0487476e+001  2.1900000e+002
  1.0531150e+001  2.0600000e+002
  1.0538857e+001  1.9500000e+002
  1.0653179e+001  1.8500000e+002
  1.0782274e+001  1.6600000e+002
  1.0793834e+001  1.6000000e+002
  1.0844573e+001  1.5000000e+002
  1.0912010e+001  1.4700000e+002
  1.0980090e+001  1.4600000e+002
  1.1053950e+001  1.4500000e+002
  1.1105331e+001  1.4400000e+002
  1.1219653e+001  1.3800000e+002
  1.1231856e+001  1.3600000e+002
  1.1233141e+001  1.3100000e+002
  1.1247913e+001  1.2900000e+002
  1.1253051e+001  1.2400000e+002
  1.1402055e+001  1.2000000e+002
  1.1408478e+001  1.1300000e+002
  1.1576108e+001  1.0200000e+002
  1.2104046e+001  1.0100000e+002
  1.2109184e+001  9.6000000e+001
  1.2315992e+001  9.5000000e+001
  1.2396275e+001  9.1000000e+001
  1.2469493e+001  8.8000000e+001
  1.2646114e+001  8.4000000e+001
  1.2921002e+001  7.8000000e+001
  1.3254335e+001  7.7000000e+001
  1.3269750e+001  7.6000000e+001
  1.3296724e+001  7.1000000e+001
  1.3989082e+001  7.0000000e+001
  1.3991651e+001  6.5000000e+001
  1.5148362e+001  6.4000000e+001
