  1.0381503e+001  2.2200000e+002
  1.0477842e+001  1.9800000e+002
  1.0526012e+001  1.9500000e+002
  1.0570970e+001  1.9100000e+002
  1.0595376e+001  1.8400000e+002
  1.0615928e+001  1.7300000e+002
  1.0806037e+001  1.7200000e+002
  1.0894027e+001  1.5900000e+002
  1.0901734e+001  1.4500000e+002
  1.0939627e+001  1.3000000e+002
  1.1158638e+001  1.2800000e+002
  1.1284522e+001  1.2500000e+002
  1.1329480e+001  1.2200000e+002
  1.1440591e+001  1.1800000e+002
  1.1490687e+001  1.0900000e+002
  1.1633911e+001  1.0700000e+002
  1.1770713e+001  1.0200000e+002
  1.1786127e+001  9.8000000e+001
  1.1927425e+001  9.4000000e+001
  1.2012203e+001  9.3000000e+001
  1.2096339e+001  7.6000000e+001
  1.2802184e+001  7.5000000e+001
  1.3149647e+001  7.0000000e+001
  1.3480411e+001  6.9000000e+001
  1.3547848e+001  6.5000000e+001
  1.5135517e+001  6.4000000e+001
  1.8149004e+001  6.3000000e+001
