  1.0481696e+001  1.9000000e+002
  1.0607579e+001  1.8300000e+002
  1.0696211e+001  1.7400000e+002
  1.0761721e+001  1.6500000e+002
  1.0890816e+001  1.6400000e+002
  1.0953757e+001  1.6100000e+002
  1.1000000e+001  1.4600000e+002
  1.1062299e+001  1.3300000e+002
  1.1269107e+001  1.2200000e+002
  1.1321773e+001  1.1100000e+002
  1.1780989e+001  1.0900000e+002
  1.1852280e+001  1.0800000e+002
  1.1867052e+001  1.0300000e+002
  1.1985870e+001  9.4000000e+001
  1.2229929e+001  8.9000000e+001
  1.2774566e+001  8.2000000e+001
  1.3061015e+001  8.0000000e+001
  1.3123956e+001  7.3000000e+001
  1.3586384e+001  7.2000000e+001
  1.3746949e+001  6.7000000e+001
  1.4558767e+001  6.6000000e+001
  1.5087990e+001  6.4000000e+001
  1.6636480e+001  6.3000000e+001
