  1.0429030e+001  2.2400000e+002
  1.0468208e+001  1.9000000e+002
  1.0649326e+001  1.8700000e+002
  1.0735389e+001  1.8100000e+002
  1.0749518e+001  1.6900000e+002
  1.0876686e+001  1.5500000e+002
  1.1046885e+001  1.4700000e+002
  1.1052665e+001  1.3100000e+002
  1.1097624e+001  1.2400000e+002
  1.1440591e+001  1.2300000e+002
  1.1576750e+001  1.1000000e+002
  1.1908799e+001  1.0900000e+002
  1.1961464e+001  1.0800000e+002
  1.2162492e+001  1.0500000e+002
  1.2199101e+001  9.4000000e+001
  1.2476557e+001  9.1000000e+001
  1.2662171e+001  8.8000000e+001
  1.2682081e+001  7.3000000e+001
  1.3803468e+001  7.1000000e+001
  1.3886320e+001  6.9000000e+001
  1.4207450e+001  6.8000000e+001
  1.4675016e+001  6.5000000e+001
  1.5445729e+001  6.4000000e+001
