  1.0369300e+001  2.1600000e+002
  1.0433526e+001  1.8700000e+002
  1.0687861e+001  1.6600000e+002
  1.0721259e+001  1.6300000e+002
  1.0812460e+001  1.5900000e+002
  1.0951830e+001  1.3900000e+002
  1.1034682e+001  1.3200000e+002
  1.1313423e+001  1.2800000e+002
  1.1416185e+001  1.2200000e+002
  1.1640976e+001  1.1200000e+002
  1.1750161e+001  1.0100000e+002
  1.1872190e+001  9.9000000e+001
  1.1921002e+001  9.1000000e+001
  1.2400128e+001  8.9000000e+001
  1.2414258e+001  8.5000000e+001
  1.2437380e+001  7.8000000e+001
  1.3046243e+001  7.6000000e+001
  1.3190109e+001  7.5000000e+001
  1.3200385e+001  7.4000000e+001
  1.3206166e+001  7.2000000e+001
  1.3370584e+001  6.9000000e+001
  1.3977521e+001  6.8000000e+001
  1.4238279e+001  6.7000000e+001
  1.4614644e+001  6.5000000e+001
  1.5158638e+001  6.4000000e+001
  1.5599229e+001  6.3000000e+001
