  1.0512524e+001  2.2900000e+002
  1.0521516e+001  2.1100000e+002
  1.0592164e+001  2.0200000e+002
  1.0746949e+001  1.6900000e+002
  1.0862556e+001  1.6300000e+002
  1.0868337e+001  1.6100000e+002
  1.0949904e+001  1.5600000e+002
  1.0991651e+001  1.4200000e+002
  1.1192036e+001  1.1900000e+002
  1.1555556e+001  1.0500000e+002
  1.2120103e+001  1.0400000e+002
  1.2172126e+001  1.0200000e+002
  1.2366089e+001  1.0000000e+002
  1.2442518e+001  9.3000000e+001
  1.2517020e+001  9.1000000e+001
  1.2657033e+001  9.0000000e+001
  1.3001927e+001  8.4000000e+001
  1.3016057e+001  7.8000000e+001
  1.3054592e+001  7.2000000e+001
  1.3858060e+001  7.0000000e+001
  1.3921644e+001  6.9000000e+001
  1.4305074e+001  6.6000000e+001
  1.5086063e+001  6.5000000e+001
  1.6005138e+001  6.4000000e+001
