  1.0477200e+001  2.0400000e+002
  1.0496468e+001  1.9200000e+002
  1.0620424e+001  1.8900000e+002
  1.0711625e+001  1.8100000e+002
  1.0770713e+001  1.7900000e+002
  1.0799615e+001  1.5400000e+002
  1.0867694e+001  1.4400000e+002
  1.0916506e+001  1.4300000e+002
  1.0984586e+001  1.3700000e+002
  1.1203597e+001  1.3300000e+002
  1.1247913e+001  1.2800000e+002
  1.1341040e+001  1.2600000e+002
  1.1472704e+001  1.0900000e+002
  1.1711625e+001  8.9000000e+001
  1.2502890e+001  8.6000000e+001
  1.3120745e+001  8.2000000e+001
  1.3131021e+001  7.8000000e+001
  1.3396917e+001  7.1000000e+001
  1.3831728e+001  6.9000000e+001
  1.4059730e+001  6.8000000e+001
  1.4262042e+001  6.5000000e+001
  1.4819525e+001  6.4000000e+001
