  1.0452794e+001  1.9200000e+002
  1.0527938e+001  1.8900000e+002
  1.0614644e+001  1.8200000e+002
  1.0765575e+001  1.8100000e+002
  1.0815029e+001  1.8000000e+002
  1.0840077e+001  1.7300000e+002
  1.0870263e+001  1.5900000e+002
  1.0907514e+001  1.5500000e+002
  1.1107900e+001  1.3400000e+002
  1.1140013e+001  1.2900000e+002
  1.1181760e+001  1.2100000e+002
  1.1337187e+001  1.1800000e+002
  1.1454721e+001  1.1400000e+002
  1.1463070e+001  1.0300000e+002
  1.1904303e+001  9.6000000e+001
  1.2096981e+001  9.4000000e+001
  1.2380218e+001  8.7000000e+001
  1.2621066e+001  8.2000000e+001
  1.2739242e+001  7.9000000e+001
  1.3238921e+001  7.7000000e+001
  1.3506744e+001  7.5000000e+001
  1.3508671e+001  6.8000000e+001
  1.4035324e+001  6.6000000e+001
  1.6111753e+001  6.5000000e+001
