  1.0441233e+001  2.0600000e+002
  1.0486834e+001  2.0400000e+002
  1.0615928e+001  1.9400000e+002
  1.0716763e+001  1.7500000e+002
  1.0784200e+001  1.7100000e+002
  1.0960180e+001  1.7000000e+002
  1.0964676e+001  1.6500000e+002
  1.0973667e+001  1.4600000e+002
  1.0998715e+001  1.4500000e+002
  1.1157354e+001  1.0600000e+002
  1.1947977e+001  1.0200000e+002
  1.2057803e+001  9.9000000e+001
  1.2111111e+001  8.9000000e+001
  1.2572254e+001  8.1000000e+001
  1.2706487e+001  7.9000000e+001
  1.2767502e+001  7.7000000e+001
  1.3177264e+001  7.6000000e+001
  1.3425819e+001  7.4000000e+001
  1.3572897e+001  6.9000000e+001
  1.3764290e+001  6.5000000e+001
  1.6610790e+001  6.3000000e+001
