  1.0464997e+001  2.3500000e+002
  1.0481696e+001  2.0500000e+002
  1.0544637e+001  1.8800000e+002
  1.0651895e+001  1.6100000e+002
  1.0889531e+001  1.6000000e+002
  1.0974952e+001  1.3900000e+002
  1.1137444e+001  1.3700000e+002
  1.1164419e+001  1.2600000e+002
  1.1366089e+001  1.1300000e+002
  1.1604367e+001  1.0500000e+002
  1.1935132e+001  9.3000000e+001
  1.2153500e+001  8.4000000e+001
  1.2439306e+001  8.1000000e+001
  1.2520873e+001  8.0000000e+001
  1.3168272e+001  7.9000000e+001
  1.3210662e+001  7.3000000e+001
  1.3511882e+001  7.0000000e+001
  1.3799615e+001  6.8000000e+001
  1.4018626e+001  6.7000000e+001
  1.4541426e+001  6.6000000e+001
  1.4872832e+001  6.5000000e+001
