  1.0380218e+001  2.0300000e+002
  1.0603083e+001  1.9400000e+002
  1.0703276e+001  1.7300000e+002
  1.0707129e+001  1.5900000e+002
  1.0899807e+001  1.5700000e+002
  1.0964033e+001  1.4700000e+002
  1.1007065e+001  1.4300000e+002
  1.1027617e+001  1.4200000e+002
  1.1125883e+001  1.3600000e+002
  1.1197816e+001  1.2900000e+002
  1.1223507e+001  1.2700000e+002
  1.1400128e+001  1.2000000e+002
  1.1547206e+001  1.1600000e+002
  1.1551702e+001  1.1500000e+002
  1.1560051e+001  1.0700000e+002
  1.1944123e+001  1.0400000e+002
  1.2171484e+001  8.8000000e+001
  1.2400128e+001  8.6000000e+001
  1.2493899e+001  7.9000000e+001
  1.2901734e+001  7.4000000e+001
  1.3502890e+001  6.7000000e+001
  1.4260116e+001  6.6000000e+001
  1.5494541e+001  6.5000000e+001
