  1.0468208e+001  2.2900000e+002
  1.0508028e+001  2.1400000e+002
  1.0554913e+001  2.0800000e+002
  1.0570328e+001  1.9600000e+002
  1.0604367e+001  1.7300000e+002
  1.0807964e+001  1.7100000e+002
  1.0811175e+001  1.6300000e+002
  1.0914579e+001  1.6100000e+002
  1.0950546e+001  1.5300000e+002
  1.1066795e+001  1.4700000e+002
  1.1141297e+001  1.3800000e+002
  1.1169557e+001  1.3700000e+002
  1.1259473e+001  1.3400000e+002
  1.1353243e+001  1.2800000e+002
  1.1396917e+001  1.2600000e+002
  1.1441233e+001  1.1900000e+002
  1.1635838e+001  1.1400000e+002
  1.1770713e+001  1.1300000e+002
  1.1787412e+001  1.0400000e+002
  1.2067437e+001  1.0300000e+002
  1.2224149e+001  8.7000000e+001
  1.2931920e+001  8.2000000e+001
  1.3147078e+001  7.6000000e+001
  1.3354528e+001  7.4000000e+001
  1.3477842e+001  7.3000000e+001
  1.3482980e+001  7.1000000e+001
  1.3960822e+001  6.9000000e+001
  1.4139371e+001  6.7000000e+001
  1.4168272e+001  6.5000000e+001
  1.5333333e+001  6.4000000e+001
