  1.0330122e+001  2.2400000e+002
  1.0465639e+001  2.1300000e+002
  1.0518304e+001  2.0900000e+002
  1.0590880e+001  1.9800000e+002
  1.0593449e+001  1.9600000e+002
  1.0602441e+001  1.8900000e+002
  1.0723186e+001  1.8600000e+002
  1.0754656e+001  1.7700000e+002
  1.0770071e+001  1.6100000e+002
  1.0795119e+001  1.5000000e+002
  1.0996146e+001  1.3800000e+002
  1.1061015e+001  1.3500000e+002
  1.1269750e+001  1.2600000e+002
  1.1415543e+001  1.2400000e+002
  1.1429030e+001  1.2200000e+002
  1.1429672e+001  1.1900000e+002
  1.1680154e+001  1.1200000e+002
  1.1728966e+001  1.0200000e+002
  1.2120103e+001  1.0100000e+002
  1.2186256e+001  9.4000000e+001
  1.2467566e+001  8.5000000e+001
  1.2789338e+001  8.0000000e+001
  1.2866410e+001  7.8000000e+001
  1.3323699e+001  7.4000000e+001
  1.3404624e+001  6.6000000e+001
  1.4563263e+001  6.4000000e+001
  1.7943481e+001  6.3000000e+001
