  1.0492614e+001  2.0700000e+002
  1.0524727e+001  1.9900000e+002
  1.0563905e+001  1.9100000e+002
  1.0630058e+001  1.8600000e+002
  1.0694284e+001  1.8100000e+002
  1.0736031e+001  1.7900000e+002
  1.0752730e+001  1.7700000e+002
  1.0766859e+001  1.7300000e+002
  1.0822736e+001  1.5500000e+002
  1.0899165e+001  1.4500000e+002
  1.1093770e+001  1.4400000e+002
  1.1167630e+001  1.3500000e+002
  1.1206166e+001  1.3100000e+002
  1.1317277e+001  1.2900000e+002
  1.1324342e+001  1.2400000e+002
  1.1544637e+001  1.1600000e+002
  1.1602441e+001  1.1500000e+002
  1.1666667e+001  1.0400000e+002
  1.1949261e+001  9.3000000e+001
  1.2113680e+001  7.7000000e+001
  1.2958253e+001  7.6000000e+001
  1.3208092e+001  7.2000000e+001
  1.3434811e+001  6.9000000e+001
  1.3728966e+001  6.7000000e+001
  1.3862556e+001  6.5000000e+001
  1.6396917e+001  6.4000000e+001
  1.8242132e+001  6.3000000e+001
