  1.0409120e+001  2.1900000e+002
  1.0470777e+001  2.1500000e+002
  1.0488118e+001  2.0000000e+002
  1.0572897e+001  1.8500000e+002
  1.0749518e+001  1.7600000e+002
  1.0788696e+001  1.7300000e+002
  1.0840077e+001  1.6900000e+002
  1.0853565e+001  1.6200000e+002
  1.0879255e+001  1.4800000e+002
  1.0885035e+001  1.4400000e+002
  1.0983301e+001  1.4000000e+002
  1.1143866e+001  1.3800000e+002
  1.1218369e+001  1.3500000e+002
  1.1357739e+001  1.3300000e+002
  1.1434811e+001  1.2900000e+002
  1.1506744e+001  1.2700000e+002
  1.1522158e+001  1.2000000e+002
  1.1621066e+001  1.0700000e+002
  1.1837508e+001  1.0600000e+002
  1.1843288e+001  9.0000000e+001
  1.2224149e+001  8.8000000e+001
  1.2581888e+001  8.6000000e+001
  1.2779705e+001  8.4000000e+001
  1.2872190e+001  8.3000000e+001
  1.3098266e+001  7.7000000e+001
  1.3254978e+001  7.2000000e+001
  1.3476557e+001  7.1000000e+001
  1.3523443e+001  7.0000000e+001
  1.4014772e+001  6.9000000e+001
  1.4061015e+001  6.8000000e+001
  1.4107900e+001  6.6000000e+001
  1.4637123e+001  6.5000000e+001
  1.6858703e+001  6.3000000e+001
