  1.0463712e+001  2.1600000e+002
  1.0504817e+001  2.0700000e+002
  1.0573539e+001  1.9500000e+002
  1.0580604e+001  1.8900000e+002
  1.0624920e+001  1.8500000e+002
  1.0763006e+001  1.6800000e+002
  1.0910726e+001  1.6200000e+002
  1.0986513e+001  1.4700000e+002
  1.0996146e+001  1.4400000e+002
  1.1043674e+001  1.3900000e+002
  1.1228003e+001  1.3300000e+002
  1.1272961e+001  1.3000000e+002
  1.1287733e+001  1.2800000e+002
  1.1420681e+001  1.1200000e+002
  1.1522800e+001  1.0200000e+002
  1.1904303e+001  9.9000000e+001
  1.2059088e+001  8.9000000e+001
  1.2124599e+001  8.8000000e+001
  1.2206166e+001  8.4000000e+001
  1.2360951e+001  7.9000000e+001
  1.3208092e+001  7.2000000e+001
  1.3330122e+001  6.9000000e+001
  1.4249839e+001  6.7000000e+001
  1.4718690e+001  6.5000000e+001
  1.4888247e+001  6.4000000e+001
