127
    23    16
    19    19
    18    13
     9     5
     3    29
     7    18
    24     6
    26    18
    31    33
    10    16
     1    24
    21    17
     8     5
    34    13
    10    11
     9     1
    19     6
    10    32
     1    27
    36     3
    33     6
    35    34
    31    32
    14    12
     4    17
    27    26
    25    16
    16    20
     6    35
    12    18
    25    30
    19    27
    27     6
    24    29
     3     1
    36    27
     7    18
    17    13
    21    28
    24    26
    30    16
    28    30
    11    30
     7    30
    31    19
    24     6
    22    22
    18    33
    23    11
    14    13
    32    12
    18    27
    17    26
    11    11
    20    32
    21     4
     6     3
    26    35
     8    23
    11    28
    26     6
     7    12
    16     1
     8    21
     5    34
    30    17
    12    13
    18    19
     3     4
     3    28
    12    14
    12     6
    13    14
    24    10
    16    11
    30     1
    32     9
    20    17
    13     6
    20    14
    10    17
    14    19
    31    20
    32    12
     3     8
    35     6
     1    21
     3    12
    28    24
    14    29
     8    30
    31    25
    31    11
    28    19
    13    20
    35    18
    12     6
    21    13
     8    32
    22     9
    12     7
    26    19
     3    14
     4    31
     7    26
     7    25
     6    12
    10     1
     7    12
     2    27
     3     9
     1    35
    23     1
    10    30
    17     8
     7    10
    30    17
     1    21
    19    22
    34    35
    27    18
    29    23
    14    23
    35    23
    13    14
    32    26
    27    11
