  1.0572254e+001  1.4900000e+002
  1.0673732e+001  1.3400000e+002
  1.0732177e+001  1.3100000e+002
  1.0771997e+001  1.2800000e+002
  1.0854849e+001  1.2000000e+002
  1.0937701e+001  1.1900000e+002
  1.0983301e+001  1.1200000e+002
  1.1169557e+001  1.0500000e+002
  1.1251766e+001  1.0200000e+002
  1.1444444e+001  1.0000000e+002
  1.1502890e+001  9.5000000e+001
  1.1548491e+001  9.1000000e+001
  1.1653179e+001  9.0000000e+001
  1.1734104e+001  8.5000000e+001
  1.1770713e+001  8.4000000e+001
  1.1824663e+001  7.8000000e+001
  1.2078998e+001  7.4000000e+001
  1.2616570e+001  7.2000000e+001
  1.2843931e+001  6.6000000e+001
  1.3138086e+001  6.5000000e+001
  1.3244059e+001  6.4000000e+001
  1.4784200e+001  6.3000000e+001
