  1.0629416e+001  1.4400000e+002
  1.0739884e+001  1.3600000e+002
  1.0769428e+001  1.3200000e+002
  1.0797688e+001  1.2700000e+002
  1.0904303e+001  1.2400000e+002
  1.0909441e+001  1.2300000e+002
  1.0913295e+001  1.1600000e+002
  1.1016057e+001  1.1500000e+002
  1.1119461e+001  1.1300000e+002
  1.1141940e+001  1.1000000e+002
  1.1188825e+001  1.0900000e+002
  1.1251124e+001  1.0300000e+002
  1.1335260e+001  1.0200000e+002
  1.1366731e+001  9.5000000e+001
  1.1692999e+001  9.3000000e+001
  1.1805395e+001  9.0000000e+001
  1.1840719e+001  8.7000000e+001
  1.1931278e+001  8.5000000e+001
  1.1940912e+001  8.4000000e+001
  1.1955042e+001  8.0000000e+001
  1.1982017e+001  7.9000000e+001
  1.2390495e+001  7.6000000e+001
  1.2609505e+001  7.5000000e+001
  1.2653179e+001  7.4000000e+001
  1.2748234e+001  7.0000000e+001
  1.3020552e+001  6.9000000e+001
  1.3296724e+001  6.6000000e+001
  1.4605652e+001  6.4000000e+001
  1.4703918e+001  6.3000000e+001
