  1.0612075e+001  1.6000000e+002
  1.0612717e+001  1.5600000e+002
  1.0671805e+001  1.5300000e+002
  1.0756583e+001  1.2400000e+002
  1.0821452e+001  1.1700000e+002
  1.1017341e+001  1.1100000e+002
  1.1061657e+001  1.0800000e+002
  1.1132306e+001  1.0700000e+002
  1.1280026e+001  1.0300000e+002
  1.1402697e+001  1.0000000e+002
  1.1499679e+001  9.1000000e+001
  1.1569685e+001  8.6000000e+001
  1.1709698e+001  8.4000000e+001
  1.1716763e+001  8.2000000e+001
  1.1943481e+001  8.1000000e+001
  1.2001285e+001  7.6000000e+001
  1.2502248e+001  7.4000000e+001
  1.2630058e+001  7.3000000e+001
  1.2735389e+001  7.0000000e+001
  1.3036609e+001  6.9000000e+001
  1.3236994e+001  6.7000000e+001
  1.3418754e+001  6.6000000e+001
  1.3542710e+001  6.4000000e+001
  1.5002569e+001  6.3000000e+001
