  1.0676943e+001  1.5500000e+002
  1.0718690e+001  1.3300000e+002
  1.0824021e+001  1.2100000e+002
  1.0991008e+001  1.0800000e+002
  1.1279383e+001  1.0300000e+002
  1.1342967e+001  1.0200000e+002
  1.1501606e+001  9.8000000e+001
  1.1590238e+001  8.7000000e+001
  1.1772640e+001  8.1000000e+001
  1.2131663e+001  7.8000000e+001
  1.2157354e+001  7.7000000e+001
  1.2215800e+001  7.4000000e+001
  1.2409762e+001  7.3000000e+001
  1.2692999e+001  7.1000000e+001
  1.2863841e+001  7.0000000e+001
  1.3147720e+001  6.8000000e+001
  1.3398202e+001  6.6000000e+001
  1.3561978e+001  6.4000000e+001
  1.4671805e+001  6.3000000e+001
