  1.0631342e+001  1.4000000e+002
  1.0761721e+001  1.3500000e+002
  1.0836224e+001  1.3100000e+002
  1.0861914e+001  1.2600000e+002
  1.0934489e+001  1.1200000e+002
  1.1103404e+001  1.1000000e+002
  1.1138086e+001  1.0600000e+002
  1.1243417e+001  9.9000000e+001
  1.1472062e+001  9.8000000e+001
  1.1556840e+001  9.7000000e+001
  1.1575466e+001  9.3000000e+001
  1.1618497e+001  9.2000000e+001
  1.1642261e+001  8.4000000e+001
  1.1852280e+001  8.3000000e+001
  1.1922929e+001  7.9000000e+001
  1.2217084e+001  7.8000000e+001
  1.2267180e+001  7.7000000e+001
  1.2296724e+001  7.6000000e+001
  1.2487476e+001  7.3000000e+001
  1.2747592e+001  7.0000000e+001
  1.2843931e+001  6.6000000e+001
  1.3542710e+001  6.4000000e+001
  1.5082852e+001  6.3000000e+001
