  1.0644188e+001  1.4800000e+002
  1.0653179e+001  1.4000000e+002
  1.0706487e+001  1.3400000e+002
  1.0725755e+001  1.3100000e+002
  1.0766859e+001  1.2800000e+002
  1.0840719e+001  1.2300000e+002
  1.0949261e+001  1.1900000e+002
  1.1004496e+001  1.1500000e+002
  1.1012845e+001  1.1400000e+002
  1.1060373e+001  1.1200000e+002
  1.1131021e+001  1.1100000e+002
  1.1147720e+001  1.0300000e+002
  1.1402697e+001  1.0100000e+002
  1.1404624e+001  9.9000000e+001
  1.1448298e+001  9.6000000e+001
  1.1617855e+001  9.5000000e+001
  1.1700064e+001  9.0000000e+001
  1.1701349e+001  8.9000000e+001
  1.1722543e+001  8.5000000e+001
  1.1808606e+001  7.8000000e+001
  1.1898523e+001  7.7000000e+001
  1.2126525e+001  7.6000000e+001
  1.2331407e+001  7.3000000e+001
  1.2581246e+001  6.7000000e+001
  1.2998073e+001  6.6000000e+001
  1.3561978e+001  6.4000000e+001
  1.5965318e+001  6.3000000e+001
