  1.0667951e+001  1.5300000e+002
  1.0669878e+001  1.2900000e+002
  1.0803468e+001  1.2400000e+002
  1.0934489e+001  1.2100000e+002
  1.0970456e+001  1.1400000e+002
  1.1054592e+001  1.1300000e+002
  1.1222864e+001  1.1100000e+002
  1.1224791e+001  1.0600000e+002
  1.1276172e+001  1.0500000e+002
  1.1323057e+001  9.8000000e+001
  1.1459216e+001  9.7000000e+001
  1.1505459e+001  9.6000000e+001
  1.1544637e+001  9.0000000e+001
  1.1747592e+001  8.8000000e+001
  1.1824021e+001  8.3000000e+001
  1.1997431e+001  7.6000000e+001
  1.2078998e+001  7.4000000e+001
  1.2657033e+001  7.2000000e+001
  1.2889531e+001  7.0000000e+001
  1.3007707e+001  6.9000000e+001
  1.3247913e+001  6.8000000e+001
  1.3283879e+001  6.6000000e+001
  1.4004496e+001  6.4000000e+001
  1.4784200e+001  6.3000000e+001
