  1.0667309e+001  1.5900000e+002
  1.0701349e+001  1.4600000e+002
  1.0723828e+001  1.3100000e+002
  1.0915864e+001  1.2200000e+002
  1.0937058e+001  1.1700000e+002
  1.1122672e+001  1.0200000e+002
  1.1398202e+001  9.9000000e+001
  1.1426461e+001  9.8000000e+001
  1.1429030e+001  8.9000000e+001
  1.1701349e+001  8.2000000e+001
  1.1808606e+001  7.8000000e+001
  1.2373154e+001  7.3000000e+001
  1.2581246e+001  6.7000000e+001
  1.3460501e+001  6.6000000e+001
  1.3658317e+001  6.5000000e+001
  1.3926140e+001  6.4000000e+001
  1.4671805e+001  6.3000000e+001
