  1.0615286e+001  1.4700000e+002
  1.0621066e+001  1.4100000e+002
  1.0651895e+001  1.3800000e+002
  1.0755299e+001  1.3000000e+002
  1.0771355e+001  1.2800000e+002
  1.0905588e+001  1.2200000e+002
  1.0948619e+001  1.2100000e+002
  1.0995504e+001  1.1600000e+002
  1.1050096e+001  1.1400000e+002
  1.1091201e+001  1.0400000e+002
  1.1289017e+001  1.0000000e+002
  1.1407193e+001  8.7000000e+001
  1.1651252e+001  8.4000000e+001
  1.1701349e+001  8.2000000e+001
  1.1873475e+001  7.9000000e+001
  1.2102762e+001  7.8000000e+001
  1.2387925e+001  7.7000000e+001
  1.2491329e+001  7.5000000e+001
  1.2719332e+001  7.0000000e+001
  1.2995504e+001  6.7000000e+001
  1.3244059e+001  6.4000000e+001
  1.3875401e+001  6.3000000e+001
