  1.0248555e+001  2.8200000e+002
  1.0251124e+001  2.7800000e+002
  1.0275530e+001  2.7300000e+002
  1.0304432e+001  2.5700000e+002
  1.0348748e+001  2.4800000e+002
  1.0410405e+001  2.4100000e+002
  1.0424534e+001  2.0500000e+002
  1.0533719e+001  2.0100000e+002
  1.0552344e+001  1.8900000e+002
  1.0555556e+001  1.8500000e+002
  1.0603083e+001  1.5700000e+002
  1.0855491e+001  1.4300000e+002
  1.0938985e+001  1.4100000e+002
  1.0964676e+001  1.2800000e+002
  1.1062942e+001  1.2500000e+002
  1.1107900e+001  1.2400000e+002
  1.1130379e+001  1.1900000e+002
  1.1284522e+001  1.1700000e+002
  1.1360951e+001  1.1500000e+002
  1.1417469e+001  1.1000000e+002
  1.1594091e+001  1.0900000e+002
  1.1599872e+001  1.0600000e+002
  1.1656390e+001  1.0200000e+002
  1.1795761e+001  8.8000000e+001
  1.2205523e+001  8.7000000e+001
  1.2342325e+001  8.5000000e+001
  1.2461143e+001  8.3000000e+001
  1.2597945e+001  7.7000000e+001
  1.2964676e+001  7.6000000e+001
  1.3138086e+001  7.3000000e+001
  1.3253693e+001  7.2000000e+001
  1.3710983e+001  7.1000000e+001
  1.3735389e+001  6.7000000e+001
  1.4038536e+001  6.6000000e+001
  1.4299294e+001  6.5000000e+001
  1.4724470e+001  6.4000000e+001
  1.5150289e+001  6.3000000e+001
