  1.0189467e+001  3.1100000e+002
  1.0245344e+001  2.8500000e+002
  1.0276172e+001  2.5000000e+002
  1.0320488e+001  2.4400000e+002
  1.0330122e+001  2.4200000e+002
  1.0357739e+001  2.2700000e+002
  1.0403340e+001  2.0300000e+002
  1.0439306e+001  2.0200000e+002
  1.0459859e+001  1.9600000e+002
  1.0504175e+001  1.7400000e+002
  1.0585100e+001  1.4700000e+002
  1.0705202e+001  1.3500000e+002
  1.0865125e+001  1.3300000e+002
  1.1064226e+001  1.3100000e+002
  1.1240206e+001  1.2600000e+002
  1.1249839e+001  1.1900000e+002
  1.1278099e+001  1.1700000e+002
  1.1298009e+001  1.1600000e+002
  1.1504175e+001  1.1400000e+002
  1.1537572e+001  1.1100000e+002
  1.1546564e+001  1.1000000e+002
  1.1717405e+001  1.0600000e+002
  1.1783558e+001  1.0300000e+002
  1.1816313e+001  9.7000000e+001
  1.1841362e+001  9.6000000e+001
  1.1847142e+001  9.5000000e+001
  1.2040462e+001  9.4000000e+001
  1.2130379e+001  9.0000000e+001
  1.2342325e+001  8.9000000e+001
  1.2397559e+001  8.7000000e+001
  1.2495825e+001  8.5000000e+001
  1.2627489e+001  8.2000000e+001
  1.2731535e+001  7.7000000e+001
  1.2946050e+001  7.5000000e+001
  1.3219011e+001  7.4000000e+001
  1.3251766e+001  7.3000000e+001
  1.3359666e+001  7.2000000e+001
  1.3580604e+001  7.1000000e+001
  1.3640334e+001  6.9000000e+001
  1.3876686e+001  6.7000000e+001
  1.4104689e+001  6.6000000e+001
  1.4543995e+001  6.5000000e+001
  1.4746949e+001  6.4000000e+001
  1.5217726e+001  6.3000000e+001
