  1.0249197e+001  3.0900000e+002
  1.0254335e+001  2.5500000e+002
  1.0303789e+001  2.3300000e+002
  1.0411047e+001  2.2200000e+002
  1.0472704e+001  2.0900000e+002
  1.0519589e+001  2.0500000e+002
  1.0533076e+001  2.0400000e+002
  1.0551702e+001  2.0300000e+002
  1.0578677e+001  1.9300000e+002
  1.0628773e+001  1.8300000e+002
  1.0637765e+001  1.7900000e+002
  1.0656390e+001  1.7700000e+002
  1.0670520e+001  1.6900000e+002
  1.0714836e+001  1.6600000e+002
  1.0798972e+001  1.5700000e+002
  1.0819525e+001  1.4700000e+002
  1.0989082e+001  1.4600000e+002
  1.1017341e+001  1.3900000e+002
  1.1059088e+001  1.3500000e+002
  1.1093770e+001  1.3200000e+002
  1.1125241e+001  1.3000000e+002
  1.1179833e+001  1.2700000e+002
  1.1209377e+001  1.2600000e+002
  1.1250482e+001  1.2500000e+002
  1.1263327e+001  1.2400000e+002
  1.1342967e+001  1.1400000e+002
  1.1480411e+001  1.0900000e+002
  1.1542710e+001  1.0700000e+002
  1.1558767e+001  1.0200000e+002
  1.1696211e+001  9.7000000e+001
  1.1868337e+001  8.5000000e+001
  1.2418112e+001  8.1000000e+001
  1.2731535e+001  7.7000000e+001
  1.3007707e+001  7.5000000e+001
  1.3223507e+001  7.4000000e+001
  1.3322415e+001  7.2000000e+001
  1.3340398e+001  7.1000000e+001
  1.3460501e+001  7.0000000e+001
  1.3755299e+001  6.9000000e+001
  1.3772640e+001  6.7000000e+001
  1.4082209e+001  6.6000000e+001
  1.4179833e+001  6.5000000e+001
  1.4274888e+001  6.4000000e+001
  1.4447013e+001  6.3000000e+001
