  1.0224149e+001  3.2100000e+002
  1.0240206e+001  2.9700000e+002
  1.0253693e+001  2.5900000e+002
  1.0286448e+001  2.4200000e+002
  1.0403982e+001  2.2400000e+002
  1.0412974e+001  2.1200000e+002
  1.0477200e+001  2.0500000e+002
  1.0504175e+001  1.8600000e+002
  1.0597303e+001  1.7700000e+002
  1.0648041e+001  1.7100000e+002
  1.0707771e+001  1.6400000e+002
  1.0786769e+001  1.5900000e+002
  1.0894669e+001  1.5100000e+002
  1.0960180e+001  1.3700000e+002
  1.1107258e+001  1.3000000e+002
  1.1134875e+001  1.2400000e+002
  1.1231214e+001  1.2300000e+002
  1.1341040e+001  1.2000000e+002
  1.1423250e+001  1.0900000e+002
  1.1601798e+001  1.0200000e+002
  1.1737958e+001  9.4000000e+001
  1.2099550e+001  9.0000000e+001
  1.2120745e+001  8.5000000e+001
  1.2254335e+001  8.4000000e+001
  1.2275530e+001  8.2000000e+001
  1.2802184e+001  7.9000000e+001
  1.2831085e+001  7.7000000e+001
  1.2868337e+001  7.6000000e+001
  1.2951830e+001  7.4000000e+001
  1.3064226e+001  7.2000000e+001
  1.3405909e+001  7.0000000e+001
  1.3489403e+001  6.7000000e+001
  1.4292229e+001  6.6000000e+001
  1.4414900e+001  6.4000000e+001
  1.4919075e+001  6.3000000e+001
