  1.0171484e+001  2.9100000e+002
  1.0177264e+001  2.6400000e+002
  1.0263327e+001  2.5400000e+002
  1.0309570e+001  2.4400000e+002
  1.0325626e+001  2.4300000e+002
  1.0354528e+001  2.3300000e+002
  1.0368015e+001  2.3200000e+002
  1.0396917e+001  2.1000000e+002
  1.0440591e+001  2.0300000e+002
  1.0515735e+001  1.9300000e+002
  1.0540784e+001  1.9200000e+002
  1.0548491e+001  1.8600000e+002
  1.0583815e+001  1.8200000e+002
  1.0601156e+001  1.7500000e+002
  1.0658317e+001  1.7000000e+002
  1.0667951e+001  1.5600000e+002
  1.0728966e+001  1.4800000e+002
  1.0866410e+001  1.3700000e+002
  1.0931920e+001  1.3200000e+002
  1.1079640e+001  1.2600000e+002
  1.1120103e+001  1.1800000e+002
  1.1166346e+001  1.1600000e+002
  1.1453436e+001  1.1200000e+002
  1.1461143e+001  1.0400000e+002
  1.1541426e+001  1.0300000e+002
  1.1563905e+001  1.0100000e+002
  1.1648683e+001  9.4000000e+001
  1.2113038e+001  9.2000000e+001
  1.2116891e+001  9.0000000e+001
  1.2276814e+001  8.6000000e+001
  1.2507386e+001  8.4000000e+001
  1.2653179e+001  7.8000000e+001
  1.2662813e+001  7.3000000e+001
  1.3286448e+001  7.1000000e+001
  1.3515735e+001  7.0000000e+001
  1.3529223e+001  6.8000000e+001
  1.3599229e+001  6.7000000e+001
  1.3956969e+001  6.6000000e+001
  1.3974952e+001  6.5000000e+001
  1.4147720e+001  6.4000000e+001
  1.5281310e+001  6.3000000e+001
