  1.0210662e+001  3.0400000e+002
  1.0228003e+001  2.8700000e+002
  1.0245344e+001  2.7700000e+002
  1.0280668e+001  2.5700000e+002
  1.0298009e+001  2.4300000e+002
  1.0344894e+001  2.4200000e+002
  1.0371869e+001  2.3500000e+002
  1.0438664e+001  2.2300000e+002
  1.0477200e+001  2.0400000e+002
  1.0502248e+001  1.9800000e+002
  1.0505459e+001  1.8600000e+002
  1.0528581e+001  1.8100000e+002
  1.0643545e+001  1.7900000e+002
  1.0718690e+001  1.7600000e+002
  1.0720617e+001  1.6800000e+002
  1.0757868e+001  1.5700000e+002
  1.0902376e+001  1.4900000e+002
  1.0987155e+001  1.4700000e+002
  1.0989082e+001  1.4200000e+002
  1.1019268e+001  1.3200000e+002
  1.1073860e+001  1.2900000e+002
  1.1174053e+001  1.1900000e+002
  1.1249197e+001  1.0500000e+002
  1.1687219e+001  1.0400000e+002
  1.1703276e+001  1.0300000e+002
  1.1809249e+001  9.7000000e+001
  1.1842646e+001  9.5000000e+001
  1.1872190e+001  9.1000000e+001
  1.2190751e+001  8.4000000e+001
  1.2536288e+001  8.1000000e+001
  1.2801541e+001  8.0000000e+001
  1.2872190e+001  7.7000000e+001
  1.3107900e+001  7.6000000e+001
  1.3219011e+001  7.3000000e+001
  1.3448298e+001  7.2000000e+001
  1.3473346e+001  7.1000000e+001
  1.3635838e+001  7.0000000e+001
  1.3844573e+001  6.9000000e+001
  1.3888889e+001  6.8000000e+001
  1.3918433e+001  6.7000000e+001
  1.3956969e+001  6.6000000e+001
  1.4049454e+001  6.5000000e+001
  1.4809891e+001  6.4000000e+001
  1.5108542e+001  6.3000000e+001
