  1.0232498e+001  2.6800000e+002
  1.0275530e+001  2.6700000e+002
  1.0285164e+001  2.4800000e+002
  1.0351317e+001  2.3200000e+002
  1.0384072e+001  2.2200000e+002
  1.0405909e+001  2.2100000e+002
  1.0454721e+001  2.1300000e+002
  1.0480411e+001  2.0000000e+002
  1.0563263e+001  1.9200000e+002
  1.0567759e+001  1.8600000e+002
  1.0657033e+001  1.6500000e+002
  1.0718048e+001  1.5900000e+002
  1.0766859e+001  1.5600000e+002
  1.0782274e+001  1.4900000e+002
  1.0841362e+001  1.4800000e+002
  1.0845857e+001  1.4500000e+002
  1.0899165e+001  1.3900000e+002
  1.1001927e+001  1.3000000e+002
  1.1096339e+001  1.2300000e+002
  1.1119461e+001  1.2000000e+002
  1.1172768e+001  1.1800000e+002
  1.1215800e+001  1.1700000e+002
  1.1228003e+001  1.1000000e+002
  1.1490687e+001  1.0800000e+002
  1.1516378e+001  1.0600000e+002
  1.1552344e+001  1.0500000e+002
  1.1640334e+001  9.3000000e+001
  1.2023121e+001  9.0000000e+001
  1.2062299e+001  8.8000000e+001
  1.2163134e+001  8.1000000e+001
  1.2334618e+001  7.8000000e+001
  1.3027617e+001  7.6000000e+001
  1.3218369e+001  7.5000000e+001
  1.3396917e+001  7.1000000e+001
  1.3608863e+001  6.9000000e+001
  1.3727039e+001  6.7000000e+001
  1.4082209e+001  6.6000000e+001
  1.4377649e+001  6.5000000e+001
  1.4447013e+001  6.3000000e+001
