  1.0242132e+001  2.6300000e+002
  1.0254335e+001  2.5000000e+002
  1.0330122e+001  2.3800000e+002
  1.0337187e+001  2.3700000e+002
  1.0361593e+001  2.3400000e+002
  1.0380218e+001  2.2700000e+002
  1.0437380e+001  2.1500000e+002
  1.0500321e+001  1.9900000e+002
  1.0511240e+001  1.9300000e+002
  1.0548491e+001  1.7100000e+002
  1.0571612e+001  1.6500000e+002
  1.0805395e+001  1.6000000e+002
  1.0827874e+001  1.5800000e+002
  1.0837508e+001  1.5500000e+002
  1.0854849e+001  1.5200000e+002
  1.0878613e+001  1.4900000e+002
  1.0945408e+001  1.3100000e+002
  1.0964033e+001  1.2800000e+002
  1.1117534e+001  1.2600000e+002
  1.1222864e+001  1.1800000e+002
  1.1257547e+001  1.0900000e+002
  1.1358382e+001  1.0700000e+002
  1.1527938e+001  1.0100000e+002
  1.1677585e+001  9.8000000e+001
  1.1768144e+001  9.6000000e+001
  1.1935132e+001  8.9000000e+001
  1.2067437e+001  8.5000000e+001
  1.2421323e+001  8.4000000e+001
  1.2421965e+001  8.1000000e+001
  1.2716121e+001  8.0000000e+001
  1.2865768e+001  7.9000000e+001
  1.3034040e+001  7.8000000e+001
  1.3138086e+001  7.4000000e+001
  1.3416827e+001  7.2000000e+001
  1.3470777e+001  7.1000000e+001
  1.3591522e+001  7.0000000e+001
  1.3635838e+001  6.9000000e+001
  1.3716763e+001  6.7000000e+001
  1.4183687e+001  6.5000000e+001
  1.4570328e+001  6.4000000e+001
  1.5603083e+001  6.3000000e+001
