  1.0242775e+001  3.1000000e+002
  1.0258831e+001  3.0200000e+002
  1.0266538e+001  2.8800000e+002
  1.0294798e+001  2.7300000e+002
  1.0330122e+001  2.5600000e+002
  1.0330764e+001  2.2600000e+002
  1.0445729e+001  2.2500000e+002
  1.0471419e+001  2.0800000e+002
  1.0536288e+001  2.0100000e+002
  1.0576108e+001  1.9500000e+002
  1.0601798e+001  1.8000000e+002
  1.0630700e+001  1.7800000e+002
  1.0727039e+001  1.7400000e+002
  1.0736031e+001  1.6400000e+002
  1.0777136e+001  1.5100000e+002
  1.0815671e+001  1.4100000e+002
  1.1046243e+001  1.3900000e+002
  1.1046885e+001  1.3500000e+002
  1.1138086e+001  1.3100000e+002
  1.1176622e+001  1.2100000e+002
  1.1202954e+001  1.1300000e+002
  1.1504175e+001  1.1100000e+002
  1.1542710e+001  1.0900000e+002
  1.1605652e+001  9.7000000e+001
  1.2002569e+001  9.5000000e+001
  1.2087347e+001  9.4000000e+001
  1.2100835e+001  8.7000000e+001
  1.2272319e+001  8.5000000e+001
  1.2463712e+001  8.4000000e+001
  1.2480411e+001  7.9000000e+001
  1.2603083e+001  7.7000000e+001
  1.3103404e+001  7.6000000e+001
  1.3134232e+001  7.5000000e+001
  1.3235710e+001  7.4000000e+001
  1.3384072e+001  7.3000000e+001
  1.3439949e+001  7.0000000e+001
  1.3755941e+001  6.9000000e+001
  1.3756583e+001  6.5000000e+001
  1.4840719e+001  6.4000000e+001
  1.5484265e+001  6.3000000e+001
