  1.0202312e+001  2.9600000e+002
  1.0237636e+001  2.7900000e+002
  1.0273603e+001  2.7200000e+002
  1.0327553e+001  2.5600000e+002
  1.0350032e+001  2.4000000e+002
  1.0452152e+001  2.1900000e+002
  1.0500963e+001  2.1000000e+002
  1.0546564e+001  2.0500000e+002
  1.0579961e+001  1.8300000e+002
  1.0617213e+001  1.7000000e+002
  1.0746949e+001  1.5700000e+002
  1.0785485e+001  1.5600000e+002
  1.0811818e+001  1.5300000e+002
  1.0902376e+001  1.5200000e+002
  1.0940912e+001  1.4300000e+002
  1.0967245e+001  1.3800000e+002
  1.0975594e+001  1.3100000e+002
  1.1093128e+001  1.2700000e+002
  1.1145793e+001  1.2500000e+002
  1.1243417e+001  1.0700000e+002
  1.1492614e+001  1.0500000e+002
  1.1694284e+001  1.0400000e+002
  1.1757868e+001  1.0200000e+002
  1.1775209e+001  9.6000000e+001
  1.1808606e+001  9.4000000e+001
  1.1868337e+001  9.3000000e+001
  1.2026975e+001  9.0000000e+001
  1.2102762e+001  8.9000000e+001
  1.2116249e+001  8.8000000e+001
  1.2157996e+001  8.6000000e+001
  1.2261400e+001  8.3000000e+001
  1.2407836e+001  8.2000000e+001
  1.2543995e+001  7.8000000e+001
  1.2680154e+001  7.7000000e+001
  1.2948619e+001  7.6000000e+001
  1.3150289e+001  6.9000000e+001
  1.3246628e+001  6.7000000e+001
  1.4023121e+001  6.5000000e+001
  1.4376365e+001  6.4000000e+001
  1.5339756e+001  6.3000000e+001
