  1.0276172e+001  2.6300000e+002
  1.0302505e+001  2.5600000e+002
  1.0319204e+001  2.4700000e+002
  1.0364162e+001  2.2700000e+002
  1.0366089e+001  2.2000000e+002
  1.0382145e+001  2.0700000e+002
  1.0412331e+001  2.0500000e+002
  1.0471419e+001  1.9400000e+002
  1.0482338e+001  1.9200000e+002
  1.0555556e+001  1.8900000e+002
  1.0567116e+001  1.7300000e+002
  1.0663455e+001  1.7000000e+002
  1.0689146e+001  1.6600000e+002
  1.0731535e+001  1.5900000e+002
  1.0769428e+001  1.5400000e+002
  1.0834939e+001  1.5200000e+002
  1.0849711e+001  1.3700000e+002
  1.1035324e+001  1.3400000e+002
  1.1074502e+001  1.3000000e+002
  1.1086063e+001  1.2200000e+002
  1.1156712e+001  1.2100000e+002
  1.1202312e+001  1.1900000e+002
  1.1230572e+001  1.1300000e+002
  1.1379576e+001  1.0400000e+002
  1.1582531e+001  9.9000000e+001
  1.1595376e+001  9.6000000e+001
  1.1727039e+001  9.4000000e+001
  1.2016057e+001  9.2000000e+001
  1.2048812e+001  9.1000000e+001
  1.2061657e+001  8.5000000e+001
  1.2116249e+001  8.3000000e+001
  1.2418112e+001  8.0000000e+001
  1.2740527e+001  7.5000000e+001
  1.2757225e+001  7.3000000e+001
  1.3073218e+001  7.2000000e+001
  1.3117534e+001  7.0000000e+001
  1.3212588e+001  6.9000000e+001
  1.3222864e+001  6.8000000e+001
  1.3305074e+001  6.6000000e+001
  1.3951830e+001  6.4000000e+001
  1.5439306e+001  6.3000000e+001
