  1.0262042e+001  2.5200000e+002
  1.0308285e+001  2.4900000e+002
  1.0323699e+001  2.3600000e+002
  1.0362877e+001  2.2100000e+002
  1.0390495e+001  2.2000000e+002
  1.0398202e+001  2.0700000e+002
  1.0434811e+001  2.0400000e+002
  1.0506744e+001  1.9800000e+002
  1.0518304e+001  1.9700000e+002
  1.0583815e+001  1.9100000e+002
  1.0589595e+001  1.7100000e+002
  1.0644830e+001  1.6300000e+002
  1.0723186e+001  1.6200000e+002
  1.0732177e+001  1.5800000e+002
  1.0746307e+001  1.5100000e+002
  1.0807964e+001  1.4500000e+002
  1.0876044e+001  1.3900000e+002
  1.0899807e+001  1.3500000e+002
  1.0906872e+001  1.2700000e+002
  1.0963391e+001  1.2000000e+002
  1.1289660e+001  1.1100000e+002
  1.1544637e+001  1.1000000e+002
  1.1588311e+001  1.0000000e+002
  1.1878613e+001  9.8000000e+001
  1.1908799e+001  9.4000000e+001
  1.1987155e+001  9.2000000e+001
  1.2012203e+001  9.0000000e+001
  1.2058446e+001  8.5000000e+001
  1.2256904e+001  8.4000000e+001
  1.2320488e+001  7.7000000e+001
  1.2332049e+001  7.6000000e+001
  1.2772640e+001  7.5000000e+001
  1.3007707e+001  7.3000000e+001
  1.3200385e+001  7.0000000e+001
  1.3541426e+001  6.8000000e+001
  1.3673089e+001  6.7000000e+001
  1.4117534e+001  6.4000000e+001
  1.5493256e+001  6.3000000e+001
