  1.0273603e+001  2.4300000e+002
  1.0315992e+001  2.3400000e+002
  1.0323699e+001  2.1800000e+002
  1.0385356e+001  2.1100000e+002
  1.0474631e+001  1.9400000e+002
  1.0552344e+001  1.8500000e+002
  1.0602441e+001  1.7500000e+002
  1.0653821e+001  1.7200000e+002
  1.0664098e+001  1.6600000e+002
  1.0681439e+001  1.6300000e+002
  1.0717405e+001  1.5400000e+002
  1.0768786e+001  1.5000000e+002
  1.0834297e+001  1.3500000e+002
  1.1001285e+001  1.3200000e+002
  1.1025690e+001  1.2800000e+002
  1.1093770e+001  1.2500000e+002
  1.1097624e+001  1.2200000e+002
  1.1238921e+001  1.2000000e+002
  1.1243417e+001  1.1400000e+002
  1.1289660e+001  1.1100000e+002
  1.1488118e+001  1.0900000e+002
  1.1502890e+001  1.0200000e+002
  1.1566474e+001  9.8000000e+001
  1.1593449e+001  9.6000000e+001
  1.1657033e+001  9.1000000e+001
  1.1666667e+001  8.9000000e+001
  1.1870906e+001  8.6000000e+001
  1.2223507e+001  8.4000000e+001
  1.2357739e+001  8.3000000e+001
  1.2448298e+001  7.8000000e+001
  1.3061657e+001  7.6000000e+001
  1.3226718e+001  7.1000000e+001
  1.3491972e+001  6.7000000e+001
  1.3799615e+001  6.6000000e+001
  1.4035967e+001  6.5000000e+001
  1.4168915e+001  6.4000000e+001
  1.4286448e+001  6.3000000e+001
