  1.0263327e+001  2.3700000e+002
  1.0357097e+001  2.2400000e+002
  1.0378934e+001  2.0900000e+002
  1.0454721e+001  2.0400000e+002
  1.0464997e+001  2.0000000e+002
  1.0609505e+001  1.8300000e+002
  1.0624920e+001  1.7300000e+002
  1.0698137e+001  1.6700000e+002
  1.0704560e+001  1.6300000e+002
  1.0802826e+001  1.6000000e+002
  1.0829801e+001  1.5400000e+002
  1.0881182e+001  1.4900000e+002
  1.0906872e+001  1.4600000e+002
  1.0912010e+001  1.4100000e+002
  1.0928709e+001  1.3500000e+002
  1.0991651e+001  1.2600000e+002
  1.1064226e+001  1.2500000e+002
  1.1123956e+001  1.2300000e+002
  1.1150931e+001  1.1600000e+002
  1.1204239e+001  1.1400000e+002
  1.1291586e+001  1.1100000e+002
  1.1315992e+001  1.0700000e+002
  1.1326268e+001  1.0300000e+002
  1.1423250e+001  1.0000000e+002
  1.1579961e+001  9.6000000e+001
  1.1678227e+001  9.0000000e+001
  1.1982659e+001  8.5000000e+001
  1.2372511e+001  8.0000000e+001
  1.2506744e+001  7.5000000e+001
  1.3049454e+001  7.3000000e+001
  1.3117534e+001  7.0000000e+001
  1.3301863e+001  6.6000000e+001
  1.3912653e+001  6.4000000e+001
  1.5008992e+001  6.3000000e+001
