  1.0269107e+001  2.4500000e+002
  1.0291586e+001  2.3000000e+002
  1.0359024e+001  2.1000000e+002
  1.0436737e+001  2.0100000e+002
  1.0474631e+001  1.9900000e+002
  1.0508028e+001  1.9200000e+002
  1.0552987e+001  1.7700000e+002
  1.0569685e+001  1.6700000e+002
  1.0719974e+001  1.5300000e+002
  1.0797046e+001  1.4900000e+002
  1.0859345e+001  1.4800000e+002
  1.0880539e+001  1.4600000e+002
  1.0883751e+001  1.3900000e+002
  1.0949904e+001  1.2900000e+002
  1.0999358e+001  1.1300000e+002
  1.1240206e+001  1.1200000e+002
  1.1439949e+001  1.0800000e+002
  1.1532434e+001  9.9000000e+001
  1.1714836e+001  9.4000000e+001
  1.1873475e+001  9.0000000e+001
  1.1890816e+001  8.5000000e+001
  1.2199743e+001  8.3000000e+001
  1.2229929e+001  8.2000000e+001
  1.2528581e+001  8.0000000e+001
  1.2839435e+001  7.8000000e+001
  1.2847784e+001  7.5000000e+001
  1.3053950e+001  7.4000000e+001
  1.3217084e+001  7.3000000e+001
  1.3334618e+001  7.2000000e+001
  1.3352601e+001  7.0000000e+001
  1.3358382e+001  6.8000000e+001
  1.3557482e+001  6.7000000e+001
  1.3680796e+001  6.6000000e+001
  1.3868337e+001  6.5000000e+001
  1.3956969e+001  6.4000000e+001
  1.4402055e+001  6.3000000e+001
