  1.0220295e+001  2.6400000e+002
  1.0273603e+001  2.6100000e+002
  1.0301220e+001  2.3400000e+002
  1.0344252e+001  2.2000000e+002
  1.0406551e+001  2.1900000e+002
  1.0407193e+001  2.1700000e+002
  1.0506101e+001  1.8100000e+002
  1.0538857e+001  1.7400000e+002
  1.0598587e+001  1.7100000e+002
  1.0641618e+001  1.6100000e+002
  1.0707129e+001  1.5900000e+002
  1.0715478e+001  1.4700000e+002
  1.0805395e+001  1.4600000e+002
  1.0850353e+001  1.4000000e+002
  1.0972383e+001  1.3500000e+002
  1.0985228e+001  1.3400000e+002
  1.0993577e+001  1.2100000e+002
  1.0999358e+001  1.1300000e+002
  1.1203597e+001  1.1100000e+002
  1.1396917e+001  1.1000000e+002
  1.1474631e+001  1.0400000e+002
  1.1520873e+001  9.8000000e+001
  1.1685292e+001  9.5000000e+001
  1.1827874e+001  9.4000000e+001
  1.1844573e+001  9.3000000e+001
  1.1932563e+001  8.8000000e+001
  1.2141297e+001  8.7000000e+001
  1.2274245e+001  8.6000000e+001
  1.2339756e+001  8.4000000e+001
  1.2380218e+001  8.3000000e+001
  1.2470777e+001  8.2000000e+001
  1.2511882e+001  7.4000000e+001
  1.3073860e+001  7.1000000e+001
  1.3272319e+001  7.0000000e+001
  1.3618497e+001  6.9000000e+001
  1.3767502e+001  6.6000000e+001
  1.4132306e+001  6.5000000e+001
  1.4224149e+001  6.4000000e+001
  1.5423250e+001  6.3000000e+001
