  1.0303789e+001  2.4300000e+002
  1.0317919e+001  2.3600000e+002
  1.0326911e+001  2.2600000e+002
  1.0370584e+001  2.0800000e+002
  1.0413616e+001  2.0100000e+002
  1.0491329e+001  1.9500000e+002
  1.0587669e+001  1.8300000e+002
  1.0615286e+001  1.7800000e+002
  1.0676301e+001  1.7500000e+002
  1.0711625e+001  1.5700000e+002
  1.0858703e+001  1.5100000e+002
  1.0894027e+001  1.5000000e+002
  1.0895311e+001  1.3500000e+002
  1.0996146e+001  1.3300000e+002
  1.1109184e+001  1.1700000e+002
  1.1306358e+001  1.1300000e+002
  1.1414258e+001  1.1000000e+002
  1.1491329e+001  1.0700000e+002
  1.1524727e+001  1.0000000e+002
  1.1570328e+001  9.6000000e+001
  1.1671162e+001  8.8000000e+001
  1.1898523e+001  8.4000000e+001
  1.2011561e+001  7.8000000e+001
  1.2734746e+001  7.7000000e+001
  1.2769428e+001  7.6000000e+001
  1.2833012e+001  7.5000000e+001
  1.3141297e+001  6.8000000e+001
  1.3636480e+001  6.7000000e+001
  1.3825947e+001  6.6000000e+001
  1.3876686e+001  6.4000000e+001
  1.5529223e+001  6.3000000e+001
