  1.0271676e+001  2.1800000e+002
  1.0389210e+001  2.0800000e+002
  1.0524085e+001  1.8700000e+002
  1.0593449e+001  1.8100000e+002
  1.0604367e+001  1.7700000e+002
  1.0621066e+001  1.7400000e+002
  1.0622351e+001  1.7300000e+002
  1.0695568e+001  1.6700000e+002
  1.0734746e+001  1.6600000e+002
  1.0745665e+001  1.6400000e+002
  1.0773282e+001  1.5500000e+002
  1.0822736e+001  1.5300000e+002
  1.0830443e+001  1.3500000e+002
  1.1000000e+001  1.3000000e+002
  1.1061015e+001  1.2800000e+002
  1.1174695e+001  1.2600000e+002
  1.1199743e+001  1.2400000e+002
  1.1281310e+001  1.1900000e+002
  1.1323699e+001  1.1600000e+002
  1.1464997e+001  1.0500000e+002
  1.1721259e+001  1.0300000e+002
  1.1803468e+001  1.0000000e+002
  1.1877970e+001  9.6000000e+001
  1.1924213e+001  9.4000000e+001
  1.1949904e+001  8.8000000e+001
  1.2253051e+001  8.2000000e+001
  1.2627489e+001  7.9000000e+001
  1.2675658e+001  7.8000000e+001
  1.2967887e+001  7.7000000e+001
  1.3004496e+001  7.1000000e+001
  1.3375723e+001  7.0000000e+001
  1.3595376e+001  6.8000000e+001
  1.3661529e+001  6.7000000e+001
  1.3680796e+001  6.6000000e+001
  1.3773282e+001  6.5000000e+001
  1.4082209e+001  6.4000000e+001
  1.4597945e+001  6.3000000e+001
