  1.0269107e+001  2.6200000e+002
  1.0283237e+001  2.4400000e+002
  1.0320488e+001  2.3900000e+002
  1.0378934e+001  2.3100000e+002
  1.0391779e+001  2.1700000e+002
  1.0416827e+001  2.0700000e+002
  1.0459216e+001  1.9500000e+002
  1.0552344e+001  1.9200000e+002
  1.0577392e+001  1.9000000e+002
  1.0625562e+001  1.7700000e+002
  1.0657033e+001  1.7400000e+002
  1.0679512e+001  1.5900000e+002
  1.0741169e+001  1.5600000e+002
  1.0774566e+001  1.5400000e+002
  1.0842004e+001  1.5000000e+002
  1.0872832e+001  1.4600000e+002
  1.0929351e+001  1.4000000e+002
  1.1017983e+001  1.3900000e+002
  1.1026333e+001  1.3600000e+002
  1.1028259e+001  1.3400000e+002
  1.1046885e+001  1.3300000e+002
  1.1128452e+001  1.2500000e+002
  1.1146435e+001  1.1800000e+002
  1.1236352e+001  1.1300000e+002
  1.1308285e+001  1.1100000e+002
  1.1403340e+001  1.1000000e+002
  1.1515735e+001  1.0600000e+002
  1.1559409e+001  1.0000000e+002
  1.1631342e+001  9.8000000e+001
  1.1791908e+001  9.7000000e+001
  1.1836866e+001  9.1000000e+001
  1.1851638e+001  9.0000000e+001
  1.2006423e+001  8.5000000e+001
  1.2326268e+001  8.2000000e+001
  1.2479127e+001  7.9000000e+001
  1.2482980e+001  7.8000000e+001
  1.2620424e+001  7.6000000e+001
  1.2978163e+001  7.2000000e+001
  1.3132306e+001  7.0000000e+001
  1.3421323e+001  6.7000000e+001
  1.3467566e+001  6.5000000e+001
  1.3681439e+001  6.4000000e+001
  1.4251124e+001  6.3000000e+001
