  1.0292871e+001  2.4800000e+002
  1.0330122e+001  2.3500000e+002
  1.0346179e+001  2.1800000e+002
  1.0405267e+001  2.1600000e+002
  1.0423250e+001  2.1100000e+002
  1.0450867e+001  1.7600000e+002
  1.0595376e+001  1.7400000e+002
  1.0687219e+001  1.6400000e+002
  1.0701349e+001  1.5200000e+002
  1.0754014e+001  1.4700000e+002
  1.0876686e+001  1.4500000e+002
  1.0950546e+001  1.4300000e+002
  1.0963391e+001  1.4100000e+002
  1.0973025e+001  1.2900000e+002
  1.1016057e+001  1.2600000e+002
  1.1084136e+001  1.2400000e+002
  1.1235067e+001  1.2300000e+002
  1.1247270e+001  1.1600000e+002
  1.1273603e+001  1.1200000e+002
  1.1398844e+001  1.0900000e+002
  1.1557482e+001  1.0000000e+002
  1.1669878e+001  9.9000000e+001
  1.1833654e+001  9.8000000e+001
  1.1900450e+001  9.6000000e+001
  1.1931278e+001  8.8000000e+001
  1.2071291e+001  8.7000000e+001
  1.2380861e+001  8.5000000e+001
  1.2437380e+001  8.3000000e+001
  1.2445087e+001  7.9000000e+001
  1.2481696e+001  7.7000000e+001
  1.2617855e+001  7.6000000e+001
  1.2667309e+001  7.5000000e+001
  1.3013487e+001  7.3000000e+001
  1.3165703e+001  7.2000000e+001
  1.3298009e+001  7.1000000e+001
  1.3358382e+001  6.8000000e+001
  1.3641618e+001  6.7000000e+001
  1.3652537e+001  6.5000000e+001
  1.4197816e+001  6.4000000e+001
  1.4439949e+001  6.3000000e+001
