70
    12    25
     5     8
     9    25
    18    24
    25     6
    25    20
    16     5
    25     3
    11     9
     2    10
     8    11
     1     8
    23     9
    12    19
     3    25
     4     3
     7     8
     6    16
    23    22
    20    21
     9    15
    11     1
    16    18
    14    23
     9     2
    23    10
     7     7
    25    12
    11     8
    18    26
     8     4
     1     6
    25    24
    14    17
    18    11
    16    10
    20    17
    26    20
    19    20
    23    25
    26     2
    20    12
     4     1
     9    19
     1    21
    19    15
    25     1
    19     1
    20    26
     5     6
    10    22
    15    10
    12    12
    22     3
    22    21
     9    12
    13     8
    18    10
    16    13
     4    12
     1    19
     4    18
     6     1
    12     3
    14    12
    26    21
    19    22
    26    17
     2    10
    17    24
