110
     3     7
     1     6
    12    14
    19    15
    28    33
    21    31
    20    11
     7    29
     9    19
    22    18
    11    28
    18    27
     5    18
    15     1
    33    13
    14    15
     3    21
    10     5
    19    19
    25    14
    11     2
    17     5
    21    13
    25    16
    23    11
     5    29
    30    21
    13     7
    18     5
    33    26
    32    22
    27    12
    14     2
    27    14
    15    16
    13    18
    24    28
     8    33
     6    13
     8     7
    10    33
     2    23
    19    31
    32    22
    26    22
     8    13
    23     1
     1    20
    26    25
    11    22
    11     3
    26     6
    13    25
     8    17
    19    13
     8    10
     6     7
    14    32
     1    14
    14     5
     1    18
     2     2
     7    19
     7    14
    20    26
     8     6
    19    16
    19    20
    12     3
    33    17
     5    26
    29     5
    26    24
    18    28
     1    17
     9     1
    33    12
    24    33
     8     5
    22    26
     4    12
    19    10
    27    18
    14    14
     3    31
    20    12
    22     4
     5     9
    29     6
    17    27
    10    21
    11    22
    22    22
    17    19
    15    10
    11     4
    19    28
     1    11
    19    20
    31    16
    16    22
    11     9
    27    10
     5    23
     3    33
    15    10
    16    29
    25    30
    24    28
    18    25
