  1.0348105e+001  2.2800000e+002
  1.0369300e+001  2.0200000e+002
  1.0411689e+001  1.7000000e+002
  1.0508671e+001  1.6900000e+002
  1.0566474e+001  1.5200000e+002
  1.0733462e+001  1.4000000e+002
  1.0865125e+001  1.3600000e+002
  1.0960822e+001  1.3400000e+002
  1.0962749e+001  1.3300000e+002
  1.1003854e+001  1.3100000e+002
  1.1017983e+001  1.3000000e+002
  1.1030186e+001  1.2400000e+002
  1.1053308e+001  1.2000000e+002
  1.1152216e+001  1.1400000e+002
  1.1196532e+001  1.1300000e+002
  1.1245344e+001  1.0600000e+002
  1.1411689e+001  1.0100000e+002
  1.1473988e+001  9.6000000e+001
  1.1644188e+001  9.3000000e+001
  1.1744380e+001  9.2000000e+001
  1.1776493e+001  8.6000000e+001
  1.2212588e+001  8.3000000e+001
  1.2230572e+001  7.9000000e+001
  1.2500321e+001  7.8000000e+001
  1.2537572e+001  7.6000000e+001
  1.2659602e+001  7.3000000e+001
  1.3001927e+001  7.2000000e+001
  1.3009634e+001  7.1000000e+001
  1.3033398e+001  7.0000000e+001
  1.3252408e+001  6.9000000e+001
  1.3457290e+001  6.8000000e+001
  1.3642261e+001  6.6000000e+001
  1.3759152e+001  6.5000000e+001
  1.3883109e+001  6.4000000e+001
  1.4529865e+001  6.3000000e+001
