  1.0324984e+001  2.2400000e+002
  1.0337187e+001  2.0300000e+002
  1.0452794e+001  1.8600000e+002
  1.0469493e+001  1.8300000e+002
  1.0525369e+001  1.7500000e+002
  1.0620424e+001  1.7300000e+002
  1.0642903e+001  1.6900000e+002
  1.0648683e+001  1.6100000e+002
  1.0703918e+001  1.5700000e+002
  1.0718690e+001  1.5300000e+002
  1.0723186e+001  1.4600000e+002
  1.0764933e+001  1.3200000e+002
  1.0944766e+001  1.3000000e+002
  1.0978163e+001  1.2800000e+002
  1.1086063e+001  1.2600000e+002
  1.1098908e+001  1.2200000e+002
  1.1154143e+001  1.1200000e+002
  1.1309570e+001  1.1100000e+002
  1.1384072e+001  1.0300000e+002
  1.1533719e+001  9.5000000e+001
  1.1773924e+001  8.4000000e+001
  1.2014772e+001  8.3000000e+001
  1.2196532e+001  8.2000000e+001
  1.2197816e+001  8.1000000e+001
  1.2289660e+001  8.0000000e+001
  1.2414900e+001  7.6000000e+001
  1.2418112e+001  7.4000000e+001
  1.2938985e+001  7.3000000e+001
  1.3034040e+001  7.2000000e+001
  1.3224791e+001  7.0000000e+001
  1.3414258e+001  6.9000000e+001
  1.3500963e+001  6.8000000e+001
  1.3504175e+001  6.4000000e+001
  1.4861272e+001  6.3000000e+001
