  1.0272961e+001  2.2100000e+002
  1.0418112e+001  2.0300000e+002
  1.0438664e+001  1.9800000e+002
  1.0482338e+001  1.9000000e+002
  1.0494541e+001  1.8100000e+002
  1.0508671e+001  1.7800000e+002
  1.0575466e+001  1.6900000e+002
  1.0628773e+001  1.6400000e+002
  1.0650610e+001  1.6300000e+002
  1.0667951e+001  1.6100000e+002
  1.0685934e+001  1.5600000e+002
  1.0712909e+001  1.4500000e+002
  1.0863841e+001  1.3500000e+002
  1.0932563e+001  1.3300000e+002
  1.1032755e+001  1.3000000e+002
  1.1043031e+001  1.1700000e+002
  1.1266538e+001  1.1300000e+002
  1.1315350e+001  1.0900000e+002
  1.1409120e+001  9.7000000e+001
  1.1576750e+001  9.5000000e+001
  1.1809891e+001  9.3000000e+001
  1.1834939e+001  9.2000000e+001
  1.1839435e+001  8.5000000e+001
  1.2064868e+001  8.0000000e+001
  1.2538857e+001  7.9000000e+001
  1.2711625e+001  7.7000000e+001
  1.2824021e+001  7.4000000e+001
  1.2857418e+001  6.9000000e+001
  1.3337829e+001  6.7000000e+001
  1.3417469e+001  6.6000000e+001
  1.3883109e+001  6.4000000e+001
  1.4941554e+001  6.3000000e+001
