  1.0350032e+001  2.2300000e+002
  1.0373154e+001  2.0500000e+002
  1.0417469e+001  1.9100000e+002
  1.0464997e+001  1.8600000e+002
  1.0485549e+001  1.7800000e+002
  1.0502248e+001  1.6700000e+002
  1.0521516e+001  1.6200000e+002
  1.0737958e+001  1.5600000e+002
  1.0764933e+001  1.5200000e+002
  1.0784843e+001  1.4900000e+002
  1.0798330e+001  1.4700000e+002
  1.0835581e+001  1.4600000e+002
  1.0843288e+001  1.4500000e+002
  1.0846500e+001  1.4300000e+002
  1.0862556e+001  1.4200000e+002
  1.0872190e+001  1.3800000e+002
  1.0922286e+001  1.3100000e+002
  1.1037893e+001  1.1400000e+002
  1.1085421e+001  1.1200000e+002
  1.1342967e+001  1.1100000e+002
  1.1391779e+001  1.0900000e+002
  1.1479769e+001  1.0700000e+002
  1.1529223e+001  1.0400000e+002
  1.1590880e+001  1.0000000e+002
  1.1656390e+001  9.9000000e+001
  1.1727681e+001  8.1000000e+001
  1.2298009e+001  8.0000000e+001
  1.2455363e+001  7.6000000e+001
  1.2467566e+001  7.5000000e+001
  1.2679512e+001  7.0000000e+001
  1.3236352e+001  6.9000000e+001
  1.3244059e+001  6.8000000e+001
  1.3255620e+001  6.7000000e+001
  1.3476557e+001  6.6000000e+001
  1.3480411e+001  6.3000000e+001
