  1.0314708e+001  1.9700000e+002
  1.0409120e+001  1.8300000e+002
  1.0475915e+001  1.8100000e+002
  1.0580604e+001  1.6000000e+002
  1.0680796e+001  1.5300000e+002
  1.0707129e+001  1.5000000e+002
  1.0714194e+001  1.4300000e+002
  1.0748234e+001  1.3600000e+002
  1.0817598e+001  1.3500000e+002
  1.0888247e+001  1.3000000e+002
  1.0963391e+001  1.2900000e+002
  1.0998715e+001  1.2600000e+002
  1.1030829e+001  1.1700000e+002
  1.1063584e+001  1.1500000e+002
  1.1099550e+001  1.1200000e+002
  1.1297367e+001  1.1000000e+002
  1.1314066e+001  1.0500000e+002
  1.1373154e+001  1.0400000e+002
  1.1480411e+001  1.0300000e+002
  1.1484907e+001  1.0100000e+002
  1.1506101e+001  1.0000000e+002
  1.1508671e+001  9.4000000e+001
  1.1652537e+001  9.2000000e+001
  1.1740527e+001  9.0000000e+001
  1.1743738e+001  8.7000000e+001
  1.1794477e+001  8.3000000e+001
  1.1927425e+001  8.1000000e+001
  1.2048812e+001  7.6000000e+001
  1.2588311e+001  7.3000000e+001
  1.2924213e+001  7.1000000e+001
  1.3039820e+001  7.0000000e+001
  1.3087990e+001  6.8000000e+001
  1.3207450e+001  6.7000000e+001
  1.3286448e+001  6.6000000e+001
  1.3542710e+001  6.5000000e+001
  1.3600514e+001  6.4000000e+001
  1.4931920e+001  6.3000000e+001
