  1.0312139e+001  2.4800000e+002
  1.0350674e+001  2.3500000e+002
  1.0371227e+001  1.9400000e+002
  1.0460501e+001  1.8900000e+002
  1.0468208e+001  1.8800000e+002
  1.0611432e+001  1.7600000e+002
  1.0615286e+001  1.7400000e+002
  1.0617213e+001  1.6400000e+002
  1.0660886e+001  1.6300000e+002
  1.0715478e+001  1.6200000e+002
  1.0718690e+001  1.5500000e+002
  1.0778420e+001  1.4800000e+002
  1.0793192e+001  1.4700000e+002
  1.0840719e+001  1.3900000e+002
  1.0926140e+001  1.3500000e+002
  1.0942839e+001  1.2400000e+002
  1.1066153e+001  1.2000000e+002
  1.1141297e+001  1.1500000e+002
  1.1173410e+001  1.0700000e+002
  1.1420039e+001  1.0500000e+002
  1.1484265e+001  1.0100000e+002
  1.1639692e+001  9.5000000e+001
  1.1806037e+001  9.4000000e+001
  1.1825947e+001  9.0000000e+001
  1.1842646e+001  8.3000000e+001
  1.1935132e+001  8.2000000e+001
  1.2058446e+001  7.5000000e+001
  1.2334618e+001  7.3000000e+001
  1.2843931e+001  7.2000000e+001
  1.3004496e+001  6.8000000e+001
  1.3417469e+001  6.4000000e+001
  1.4774566e+001  6.3000000e+001
