  1.0297367e+001  2.1700000e+002
  1.0333333e+001  2.1200000e+002
  1.0334618e+001  2.0000000e+002
  1.0342325e+001  1.8400000e+002
  1.0493256e+001  1.8200000e+002
  1.0510597e+001  1.8100000e+002
  1.0563263e+001  1.7200000e+002
  1.0608863e+001  1.7000000e+002
  1.0685292e+001  1.5400000e+002
  1.0708414e+001  1.5300000e+002
  1.0754014e+001  1.3600000e+002
  1.0885035e+001  1.2700000e+002
  1.1043031e+001  1.2600000e+002
  1.1127810e+001  1.1400000e+002
  1.1275530e+001  1.0700000e+002
  1.1333976e+001  1.0300000e+002
  1.1589595e+001  9.4000000e+001
  1.1776493e+001  8.1000000e+001
  1.2290302e+001  8.0000000e+001
  1.2326268e+001  7.7000000e+001
  1.2408478e+001  7.6000000e+001
  1.2787412e+001  7.5000000e+001
  1.2843931e+001  7.3000000e+001
  1.2914579e+001  7.2000000e+001
  1.3181760e+001  6.9000000e+001
  1.3280668e+001  6.6000000e+001
  1.3594733e+001  6.4000000e+001
  1.4010276e+001  6.3000000e+001
