  1.0294155e+001  2.0700000e+002
  1.0419396e+001  1.9200000e+002
  1.0445087e+001  1.8400000e+002
  1.0454078e+001  1.8100000e+002
  1.0595376e+001  1.7600000e+002
  1.0629416e+001  1.6800000e+002
  1.0734746e+001  1.6100000e+002
  1.0758510e+001  1.6000000e+002
  1.0773282e+001  1.5900000e+002
  1.0789981e+001  1.5400000e+002
  1.0809249e+001  1.5100000e+002
  1.0877970e+001  1.3800000e+002
  1.1019268e+001  1.3200000e+002
  1.1053308e+001  1.2400000e+002
  1.1205523e+001  1.2200000e+002
  1.1226076e+001  1.0900000e+002
  1.1439949e+001  1.0500000e+002
  1.1500963e+001  1.0200000e+002
  1.1700706e+001  1.0000000e+002
  1.1782274e+001  9.8000000e+001
  1.1824021e+001  9.4000000e+001
  1.1941554e+001  9.3000000e+001
  1.2037251e+001  8.2000000e+001
  1.2438664e+001  8.1000000e+001
  1.2496468e+001  8.0000000e+001
  1.2598587e+001  7.9000000e+001
  1.2599229e+001  7.8000000e+001
  1.2677585e+001  7.7000000e+001
  1.2856776e+001  7.3000000e+001
  1.3155427e+001  7.2000000e+001
  1.3298009e+001  7.1000000e+001
  1.3383430e+001  7.0000000e+001
  1.3400771e+001  6.7000000e+001
  1.3404624e+001  6.6000000e+001
  1.3969814e+001  6.5000000e+001
  1.3995504e+001  6.4000000e+001
  1.5140655e+001  6.3000000e+001
