  1.0351959e+001  2.3600000e+002
  1.0362877e+001  1.9700000e+002
  1.0472704e+001  1.9000000e+002
  1.0486191e+001  1.8600000e+002
  1.0559409e+001  1.7300000e+002
  1.0640976e+001  1.7000000e+002
  1.0666024e+001  1.5700000e+002
  1.0698137e+001  1.5600000e+002
  1.0739242e+001  1.5500000e+002
  1.0767502e+001  1.5400000e+002
  1.0771355e+001  1.5100000e+002
  1.0792550e+001  1.4700000e+002
  1.0822736e+001  1.4200000e+002
  1.0831085e+001  1.4100000e+002
  1.0865768e+001  1.3900000e+002
  1.0907514e+001  1.3500000e+002
  1.0913937e+001  1.2700000e+002
  1.0929994e+001  1.2300000e+002
  1.1138728e+001  1.1800000e+002
  1.1186898e+001  1.1500000e+002
  1.1283237e+001  1.1300000e+002
  1.1366731e+001  1.1200000e+002
  1.1382145e+001  1.0800000e+002
  1.1384714e+001  1.0500000e+002
  1.1601156e+001  9.7000000e+001
  1.1607579e+001  9.4000000e+001
  1.1700064e+001  8.8000000e+001
  1.1919075e+001  8.6000000e+001
  1.1952473e+001  8.2000000e+001
  1.2116249e+001  8.0000000e+001
  1.2157354e+001  7.6000000e+001
  1.2251766e+001  7.3000000e+001
  1.2969814e+001  6.7000000e+001
  1.3596018e+001  6.3000000e+001
