  1.0333333e+001  2.2500000e+002
  1.0351317e+001  2.0800000e+002
  1.0445087e+001  1.9500000e+002
  1.0466281e+001  1.9200000e+002
  1.0536288e+001  1.8200000e+002
  1.0561336e+001  1.6900000e+002
  1.0650610e+001  1.6400000e+002
  1.0709698e+001  1.5900000e+002
  1.0737958e+001  1.5300000e+002
  1.0753372e+001  1.5000000e+002
  1.0796403e+001  1.4200000e+002
  1.0885035e+001  1.3900000e+002
  1.0940912e+001  1.3500000e+002
  1.0956969e+001  1.3400000e+002
  1.1012203e+001  1.2900000e+002
  1.1062299e+001  1.2500000e+002
  1.1085421e+001  1.1700000e+002
  1.1244701e+001  1.1000000e+002
  1.1391137e+001  1.0900000e+002
  1.1418112e+001  9.2000000e+001
  1.1919717e+001  8.7000000e+001
  1.2296724e+001  8.6000000e+001
  1.2339114e+001  8.2000000e+001
  1.2466924e+001  7.9000000e+001
  1.2490687e+001  7.7000000e+001
  1.2626204e+001  7.6000000e+001
  1.2757868e+001  7.5000000e+001
  1.2923571e+001  7.3000000e+001
  1.3140013e+001  7.2000000e+001
  1.3244059e+001  7.0000000e+001
  1.3442518e+001  6.9000000e+001
  1.3648683e+001  6.4000000e+001
  1.5220938e+001  6.3000000e+001
